0 15 4 0
0 17 6 0
0 0 11 0
0 11 0 0
0 14 11 0
0 6 17 0
0 13 2 0
0 11 0 11
0 16 5 0
0 1 1 0
0 1 12 0
0 12 1 0
0 12 12 0
0 6 0
0 4 15 0
0 0 4 0
0 0 11 15
0 11 13 2
0 17 6 2
0 9 0
0 5 16 0
0 20 0
0 1 12 1
0 12 12 1
0 12 1 1
0 12 1 12
0 1 1 1
0 1 1 12
0 1 12 12
0 11 0
0 12 12 12
0 16 5 5
0 1 0 11
0 12 0 11
0 17 0
0 6 6 0
0 17 4 0
0 0 12 1
0 11 15 4
0 1
0 15 0 11
0 0 1 12
0 6 17 6
0 12
0 7 18 11
0 13 17 6
0 11 11 0
0 1 0
0 13 5 16
0 12 0
0 11 0 14
0 12 0 0
0 14 3 14
0 1 0 0
0 0 13 2
0 17 0 11
0 0 1 1
0 12 12 11
0 1 12 11
0 12 1 11
0 1 1 11
0 12 0 1
0 0 12 12
0 17 17 0
0 1 12
0 6 0 11
0 12 1
0 1 1
0 12 12
0 1 0 12
0 11 1 0
0 11 17 6
0 5 16 5
0 17 6 17
0 11 1 12
0 11 1 1
0 12 0 12
0 11 12 0
0 1 0 1
0 11 5 16
0 1 5 16
0 12 5 16
0 4 0
0 6 0 17
0 11 0 1
0 1 11 0
0 12 11 0
0 17 17 6
0 4 0 11
0 11 12 1
0 11 12 12
0 17 6
0 20 20 0
0 11 0 12
0 17 16 0
0 11 9 0
0 11 6 17
0 20 9 0
0 0 11
0 9 9 0
0 15 0 4
0 9 20 0
0 15 0
0 12 14 1
0 14 1 12
0 0 0 0
0 20 9
0 9 0 0
0 1 14 12
0 12 14 12
0 11 18 7
0 20 20
0 13 2
0 5 16 11
0 12 11 12
0 1 3 1
0 9 9
0 12 3 1
0 12 12 14
0 1 5 11
0 1 3 12
0 4 2 0
0 5 1
0 17 6 11
0 17 12 12
0 20 11 9
0 6 12 12
0 1 12 14
0 20 11
0 5 11 1
0 19 8
0 1 11 12
0 6 17 11
0 12 6 0
0 5 1 11
0 5 11 12
0 1 1 20
0 9 11 20
0 16 0 5
0 5 0 11
0 1 12 3
0 12 1 6
0 3 0
0 1 17 11
0 11 20
0 11 5 6
0 9
0 16 0 17
0 5 6 0
0 0 1 0
0 0 6
0 12 1 16
0 12 0 5
0 12 12 5
0 11 5 11
0 0 11 17
0 12 12 3
0 4 11 12
0 19 8 11
0 12 1 20
0 0 11 1
0 20 3
0 17 17
0 11 12 5
0 0 11 11
0 16 17 0
0 17 16 6
0 9 20 14
0 9 9 11
0 5 16 9
0 3 0 0
0 5 12 11
0 12 11 5
0 5 6 12
0 15 12 12
0 5 0 0
0 4 12 0
0 9 3 0
0 12 1 4
0 1 12 20
0 19 12 12
0 5 16
0 5 6 2
0 12 1 2
0 1 14 5
0 3 11 9
0 9 11 3
0 20 9 3
0 11 4 0
0 4 15 5
0 4 1 5
0 16 17 17
0 6 6 2
0 15 6 1
0 20 12 1
0 6 12 5
0 14 11 9
0 5 12 0
0 11 15 0
0 16 1 1
0 1 5 1
0 12 15 0
0 0 15
0 13 15 0
0 6 5 16
0 5 1 0
0 12 12 2
0 5 16 15
0 19 8 12
0 12 11 16
0 6 11 17
0 1 14 1
0 15 15 0
0 1 12 5
0 1 9 12
0 9 5 12
0 12 17 1
0 5 5 6
0 11 1 6
0 12 21 1
0 3 5 16
0 12 12 16
0 11 16 0
0 20 14
0 5 1 14
0 18 7 17
0 2 13 17
0 11 1 17
0 1 10 12
0 15 6
0 11 5 12
0 6 0 15
0 1 5 5
0 15 5 0
0 14 11
0 12 17 4
0 14 14 14
0 11 9
0 15 5 16
0 11 0 9
0 13 6 2
0 12 1 9
0 19 7
0 1 20 12
0 0 6 0
0 11 6 2
0 21 10 0
0 12 15 5
0 20 5 1
0 14 11 20
0 15 1 1
0 12 16
0 14 0 11
0 14 0 3
0 3 1 1
0 1 5 12
0 11 6 0
0 16 0
0 11 6
0 19 6 4
0 15 1 12
0 11 12 6
0 11 17 0
0 1 20 5
0 20 0 0
0 12 2 0
0 12 5 11
0 15 15 4
0 20 14 20
0 11 5
0 5 11 4
0 16 4 0
0 6 17
0 20 0 9
0 1 16 0
0 6 16 0
0 15 6 12
0 15 1
0 16 15 0
0 20 9 9
0 12 5 1
0 20 11 3
0 1 0 5
0 1 12 9
0 6 1 1
0 9 3
0 9 0 20
0 11 11 17
0 11 17 4
0 1 1 14
0 12 15 12
0 16 1
0 1 1 4
0 16 2 0
0 1 3 5
0 4 11 5
0 20 20 3
0 3 11 20
0 16 15 4
0 5 5 12
0 20 12 12
0 5 5 16
0 9 11 14
0 17 1 12
0 12 17 11
0 5 16 14
0 19 8 4
0 9 0 3
0 9 14 9
0 17 12 1
0 9 5 1
0 17 1 1
0 0 4 11
0 9 11
0 12 5 6
0 17 4 2
0 12 1 14
0 0 17
0 14 5 1
0 13 17 2
0 4 5 0
0 13 2 16
0 5 11 11
0 14
0 14 12 12
0 17 15 0
0 16 1 0
0 6 1 12
0 12 16 16
0 9 1 12
0 13 6 0
0 17 5 16
0 17 0 6
0 5 16 2
0 20 11 20
0 12 5
0 12 9 5
0 12 5 12
0 1 16 1
0 6 11 5
0 0 5
0 3
0 12 3 12
0 17 6 8
0 16 20 5
0 11 20 14
0 9 9 14
0 1 15 15
0 9 9 3
0 11 17
0 20
0 17 1 0
0 0 6 17
0 1 1 5
0 4 0 15
0 5 5
0 12 3 5
0 11 11 5
0 4 2
0 16 0 1
0 12 4 0
0 14 11 11
0 17 16 12
0 17 11
0 4 5 16
0 9 9 9
0 14 0
0 15 4 11
0 0 11 20
0 16 12 0
0 17 2 0
0 6 0 0
0 5 16 16
0 19 8 0
0 12 20 12
0 4 0 0
0 19 8 2
0 9 12 12
0 15 0 0
0 17 11 11
0 9 14 20
0 15 4 17
0 1 6 11
0 0 15 4
0 1 15 5
0 16 14 1
0 16 20 12
0 6 11
0 12 12 4
0 9 9 20
0 12 15 4
0 9 20 20
0 5 0 6
0 17 11 6
0 0 11 14
0 12 0 16
0 4 18 7
0 14 0 0
0 11 14
0 5 5 1
0 12 1 5
0 14 3 0
0 20 9 20
0 12 5 0
0 1 15 4
0 17 6 1
0 16 11 5
0 5 0 12
0 13 2 11
0 17 6 12
0 14 20 0
0 1 4 0
0 17 6 16
0 12 9 12
0 1 6 1
0 4 1 0
0 16 11 1
0 3 14 0
0 14 1 1
0 3 9 0
0 1 16 12
0 13 5 0
0 6 17 16
0 4 5
0 12 1 17
0 20 9 14
0 14 14
0 6 1 5
0 9 5 16
0 18 7
0 17 2 13
0 5 17 0
0 12 6 12
0 3 0 11
0 12 20 5
0 11 20 20
0 9 1 1
0 11 7 18
0 12 11 1
0 12 15 1
0 12 9 1
0 14 3
0 1 5
0 1 16
0 12 10 12
0 1 11 4
0 6 5 0
0 16 5 2
0 2 17 6
0 11 3 14
0 16 20 1
0 20 0 14
0 1 20 1
0 20 1 1
0 20 20 11
0 5 1 12
0 15 2 13
0 5 0
0 16 12 12
0 4 6 0
0 19 12 1
0 16 5 16
0 17 4 11
0 5 16 17
0 12 16 1
0 11 14 14
0 11 19 7
0 3 3 14
0 14 5 12
0 21 21 0
0 9 0 9
0 14 14 3
0 15 15 6
0 13 12 0
0 20 14 0
0 0 11 5
0 20 11 14
0 20 20 9
0 3 12 12
0 11 0 3
0 16 12 1
0 13 15 4
0 1 15 12
0 1 12 2
0 1 11 16
0 4 11 1
0 1 1 17
0 1 17 12
0 0 11 9
0 15 4
0 3 1 12
0 16 5
0 0 11 12
0 5 11
0 3 20 0
0 5 16 3
0 9 20
0 15 12 1
0 0 16
0 12 16 12
0 17 0 0
0 17 5 5
0 17 2 4
0 17 12 5
0 9 14
0 3 0 14
0 13 8 15
0 5 16 20
0 5 0 1
0 1 1 15
0 1 15 1
0 16 12
0 5 16 4
0 16 0 12
0 12 10 1
0 11 17 11
0 12 20 1
0 12 17 12
0 20 20 14
0 20 5 12
0 1 1 6
0 17 16 16
0 11 11 14
0 1 11 1
0 14 14 11
0 11 20 0
0 5 16 6
0 15 11 0
0 5 0 16
0 18 7 0
0 15 12
0 11 16
0 12 12 6
0 16 12 16
0 20 0 11
0 9 12 1
0 20 5 16
0 17 11 0
0 3 14 11
0 20 0 20
0 15 6 0
0 17 0 4
0 20 9 11
0 20 1 12
0 1 9 5
0 0 0 15
0 3 14 14
0 11 20 9
0 5 1 1
0 9 14 0
0 1 1 3
0 11 0 20
0 9 0 14
0 11 9 9
0 1 11 5
0 1 12 16
0 1 12 6
0 11 0 16
0 12 15 15
0 17 1 5
0 11 0 5
0 14 9 0
0 11 12 17
0 12 12 17
0 1 10 1
0 12 4
0 6 12 1
0 5 6
0 17 6 6
0 5 11 6
0 11 5 1
0 1 1 16
0 15 17 4
0 4 12 5
0 3 14 3
0 11 3
0 4 5 4
0 1 16 16
0 1 0 16
0 12 1 15
0 1 6 12
0 15 19 8
0 11 1 5
0 5 12
0 11 9 14
0 14 9
0 12 5 5
0 1 9 1
0 12 12 9
0 1 1 9
0 12 16 0
0 18 7 4
0 15 4 4
0 3 12 1
0 1 17 1
0 1 1 2
0 5 6 1
0 5 12 14
0 19 17 8
0 9 20 11
0 16 0 11
0 0 0
0 1 5 0
0 17 4
0 11 14 11
0 11 9 20
0 11 19 8
0 5
0 14 12 1
0 5 7
0 18 7 11
0 9 20 9
0 3 14
0 5 12 12
0 1 5 6
0 6 2
0 12 1 3
0 15 12 0
0 5 16 12
0 15 1 0
0 19 7 11
0 14 20
0 9 0 11
0 1 12 4
0 17 16 1
0 5 11 16
0 19 1 1
0 1 2 0
0 16 11 12
0 5 12 1
0 1 15 0
0 11 0 4
0 20 3 0
0 11 14 0
0 19 1 12
0 12 12 20
0 12 21 12
0 1 17 4
0 12 6 1
0 20 20 20
0 5 16 1
0 16 1 5
0 16
0 0 3 0
0 12 11 4
0 16 0 0
0 10 10 0
0 1 12 17
0 1 21 1
0 20 0 3
0 11 5 0
0 1 4
0 6 2 11
0 9 20 3
0 16 14 12
0 16 12 5
0 13 5 6
0 16 11
0 12 14 5
0 11 3 0
0 3 11
0 4 4 0
0 9 11 9
0 4 17 4
0 12 6 11
0 6 5
0 6 17 17
0 0 12 0
0 16 1 12
0 19 8 1
0 10 21 0
0 1 21 12
0 20 14 9
0 0 0 11
0 16 1 16
0 5 6 11
0 13 1 0
0 0 4
0 17 16
1 12 1 12
1 12 12 12
1 11 0 12
1 12
1 12 11 0
1 1 12 12
1 12 12 1
1 3 14 12
1 6 17 12
1 16 5 12
1 13 2 12
1 12 6 17
1 1 1 12
1 12 16 5
1 12 1 1
1 1 12 1
1 1 1 1
1 12 3 14
1 17 6 12
1 9 20 12
1 12 4 15
1 20 9 12
1 1 20
1 4 15 12
1 12 20 9
1 1 9
1 7 18 12
1 20 20 12
1 9 9 12
1 12 14 3
1 12 9 20
1 9 1
1 20 1
1 12 20 20
1 9 12
1 20 12
1 12 14 14
1 8 19 12
1 11 1 0
1 12 20
1 12 9 9
1 12 9
1 12 3 3
1 14 3 12
1 11 12 0
1 15 4 12
1 9 20 1
1 9 9 1
1 20 9 1
1 20 20 1
1 1 20 9
1 12 17 6
1 1 20 20
1 3 14 1
1 1 9 9
1 16 5 1
1 1 9 20
1 1 3 14
1 1 0
1 11 12 14
1 1 14 3
1 0 11 12
1 1 14 14
1 5 16 12
1 11 1
1 11 12
1 1 3 3
1 0 1
1 0 12
1 0 0 11
1 13 2 5
1 12 0 11
1 0 1 11
1 11 1 14
1 12 0
1 5 16 1
1 1 11
1 0 11
1 12 11
1 11 12 3
1 0 11 0
1 3 12 0
1 11 1 3
1 0 12 11
1 12 4
1 1 0 11
1 0 12 12
1 0 1 1
1 3 1
1 3 12
1 1 4
1 0 1 12
1 0 12 1
1 0 11 11
1 12 15
1 1 1
1 1 15
1 15 1 12
1 1 12
1 15 12
1 3 1 0
1 0
1 12 1
1 12 12 15
1 1 12 15
1 15 1 1
1 12 1 15
1 15 12 12
1 1 20 0
1 12 12
1 16 12 12
1 14 12 0
1 1 1 15
1 12 3
1 12 1 0
1 0 16 0
1 14 12
1 14 1
1 11 1 20
1 16 12
1 16 1 1
1 16 12 1
1 1 3 0
1 14 12 1
1 12 20 0
1 17 12
1 15 1
1 1 3
1 5 12 5
1 15 4 1
1 11 0 5
1 5 1 12
1 12 16 1
1 16 0
1 6 1
1 3 1 12
1 15
1 0 12 14
1 16 1 12
1 12 12 0
1 4 17 1
1 4 17 12
1 17 1
1 16 1
1 12 16 0
1 1 11 20
1 15 12 15
1 12 5 12
1 16 11 12
1 5 11
1 12 9 0
1 20 12 0
1 5 1
1 14 1 11
1 12 11 9
1 0 16
1 12 8
1 1 16 20
1 1 16 9
1 9 1 0
1 1 9 0
1 5 11 17
1 0 1 9
1 2 0 11
1 5
1 20 12 11
1 9 0 12
1 20 12 12
1 1 16
1 1 6
1 12 6
1 9 1 11
1 15 4 15
1 17 12 11
1 6 12 9
1 6 1 9
1 0 0 12
1 19 8 0
1 16 12 11
1 16 9 0
1 11 12 1
1 1 8
1 5 0
1 12 3 0
1 12 1 3
1 4 0 1
1 1 15 8
1 17 1 12
1 11 12 20
1 20 1 1
1 15 12 1
1 12 11 1
1 0 0 17
1 12 12 3
1 1 5 4
1 11 5 16
1 17 12 12
1 12 5
1 12 1 9
1 12 1 20
1 12 12 20
1 17 12 1
1 1 3 1
1 4 0 12
1 4 11 1
1 1 0 4
1 4 15 4
1 9 5 16
1 15 15 1
1 12 0 4
1 5 12 11
1 5 11 1
1 5 11 12
1 5 16 16
1 5 16 20
1 12 17 4
1 0 1 10
1 1 5 0
1 0 12 10
1 1 0 13
1 1 14 12
1 1 20 12
1 1 12 20
1 15 6
1 5 0 1
1 12 20 1
1 17 17 1
1 5 16 15
1 17 0 12
1 0 5
1 11 1 6
1 11 12 6
1 11 12 16
1 0 17 16
1 1 1 3
1 12 11 5
1 4 1 0
1 1 6 1
1 5 12 0
1 1 4 0
1 17 1 3
1 12 11 16
1 1 5
1 16 5 16
1 11 16 11
1 10 12 0
1 17 12 3
1 17 6 4
1 10 12
1 1 11 16
1 16 0 11
1 17 12 9
1 4 1 15
1 0 11 15
1 4 0
1 20 1 6
1 6 4 12
1 15 6 12
1
1 9 12 15
1 8 12
1 20 1 15
1 19 4 1
1 14 12 6
1 15 8 1
1 11 4 11
1 15 4 5
1 13 2 16
1 19 4 12
1 13 2 4
1 14 1 6
1 17 4 1
1 16 17 1
1 1 11 15
1 16 14 12
1 11 12 21
1 16 14 1
1 3 14 5
1 12 19 4
1 11 16 12
1 15 8 12
1 20 5 6
1 17 1 20
1 1 6 6
1 9 5 1
1 4 1 20
1 9 5 12
1 16 0 16
1 20 5 12
1 21 1
1 12 4 4
1 6 4
1 16 2
1 11 1 10
1 4 12 20
1 15 4 4
1 11 20 5
1 15 15 11
1 16 16 11
1 20 12 4
1 1 6 4
1 12 19
1 5 1 0
1 20 1 11
1 1 3 5
1 12 6 5
1 1 0 15
1 1 15 17
1 12 15 6
1 16 4
1 16 9 1
1 9 5
1 6 12 11
1 12 3 9
1 12 0 0
1 0 13 1
1 9 12 17
1 5 0 11
1 16 9 9
1 16 20 20
1 0 11 4
1 16 20 9
1 6 12 12
1 12 10
1 1 20 5
1 0 15 12
1 0 16 11
1 1 10
1 1 17 1
1 12 11 6
1 19 8
1 1 17 12
1 12 0 15
1 0 11 16
1 12 16 9
1 11 5 5
1 16 20 0
1 9 12 6
1 20 14 12
1 0 17 1
1 12 17 12
1 9 14 12
1 1 12 6
1 12 6 0
1 16 16 12
1 12 11 20
1 9 3 12
1 20 3 12
1 1 16 11
1 20 5 11
1 6 12 0
1 9 3 1
1 1 1 4
1 12 11 17
1 17 11 11
1 12 11 3
1 6 5 16
1 12 5 4
1 17 11 12
1 17 11 1
1 1 14 20
1 20 9 5
1 5 12 12
1 4 1
1 12 0 1
1 12 12 4
1 12 1 4
1 12 17 11
1 12 12 14
1 1 14 9
1 12 14 20
1 1 2 11
1 0 6 12
1 1 4 11
1 5 5 12
1 17 0 16
1 12 0 17
1 18 7 1
1 14 5 11
1 1 12 5
1 12 16 12
1 0 16 12
1 0 5 0
1 11 17 12
1 0 1 5
1 11 17 1
1 15 4 11
1 1 11 5
1 1 17 11
1 12 4 11
1 12 5 0
1 13 2 15
1 12 6 12
1 11 15 12
1 1 0 14
1 1 16 0
1 12 5 1
1 3 5 11
1 12 12 6
1 12 3 12
1 16 0 0
1 21 21 12
1 11 12 12
1 6 1 1
1 12 17 17
1 5 0 12
1 10 21 12
1 5 16 17
1 0 14 12
1 1 11 6
1 1 11 19
1 6 12 1
1 11 15
1 0 1 4
1 21 12 0
1 11 16 1
1 6 15 1
1 8 19 4
1 15 12 20
1 12 16 14
1 1 15 15
1 1 19
1 3 5 1
1 0 16 16
1 16 0 3
1 12 2 11
1 20 12 17
1 6 4 1
1 0 16 4
1 11 1 5
1 4 12 1
1 14 9 1
1 14 20 12
1 3 5 0
1 16 1 16
1 4 1 1
1 11 0 16
1 0 5 12
1 15 4
1 12 11 14
1 0 12 6
1 1 14 11
1 11 12 5
1 0 12 17
1 1 5 12
1 14 1 0
1 0 17 12
1 1 0 3
1 1 17 0
1 16 0 1
1 5 1 1
1 12 4 1
1 0 16 20
1 1 1 16
1 0 1 14
1 1 11 9
1 4 12 12
1 3 1 1
1 11 5
1 5 16 0
1 12 12 16
1 3 12 12
1 8 0 1
1 0 12 20
1 6 11 11
1 1 1 14
1 3 12 1
1 1 12 14
1 11 5 0
1 12 1 14
1 12 20 11
1 3 12 11
1 3 1 11
1 14 1 12
1 9 12 0
1 11 0 11
1 16 12 16
1 12 0 12
1 20 11 12
1 14 11 1
1 9 11 12
1 9 11 1
1 11 19 8
1 0 3 1
1 14 0 12
1 5 12
1 0 0 16
1 12 5 11
1 12 5 16
1 12 0 9
1 14 1 1
1 12 11 11
1 0 12 3
1 12 0 20
1 12 14
1 9 12 12
1 1 18 7
1 17 1 11
1 11 9 12
1 9 1 12
1 0 1 20
1 1 5 11
1 0 5 16
1 6 1 20
1 15 0 11
1 6 12 20
1 0 11 13
1 1 16 12
1 1 3 11
1 9 12 1
1 14 11 12
1 16 1 11
1 20 12 1
1 1 9 11
1 16 12 0
1 1 17 4
1 17 6 0
1 11 15 1
1 0 12 5
1 0 11 5
1 5 11 16
1 11 16 0
1 16
1 5 11 11
1 5 6 11
1 5 16 6
1 1 3 12
1 5 5 16
1 12 2 13
1 4 11 12
1 12 12 17
1 17 16
1 12 14 1
1 11 5 11
1 5 1 11
1 12 1 17
1 5 16 9
1 0 12 21
1 11 12 11
1 1 12 17
1 2 13 12
1 6 1 12
1 1 9 12
1 1 12 9
1 11 1 12
1 17 17 12
1 12 0 16
1 12 1 6
1 11 0 15
1 1 9 1
1 17 4 0
1 11 16 20
1 15 17 1
1 17 5 16
1 17 4
1 9 5 6
1 20 1 4
1 1 17 17
1 4 12 0
1 11 1 16
1 17 0 1
1 11 9 5
1 12 15 15
1 6 5 12
1 12 4 0
1 11 5 1
1 0 4 12
1 12 6 1
1 1 15 11
1 13 5
1 6 5 1
1 11 11 5
1 11 5 12
1 6 6 12
1 8 2 12
1 9 12 4
1 17 16 9
1 9 1 4
1 2 13 4
1 1 20 1
1 16 3 0
1 1 19 4
1 1 20 14
1 21 1 0
1 9 1 6
1 2 11 12
1 6 6 1
1 15 1 20
1 8 1
1 20 12 15
1 9 1 15
1 16 11 16
1 4 15 15
1 2 11 1
1 4 1 9
1 15 6 1
1 17 16 20
1 15 12 11
1 11 1 21
1 11 14 5
1 1 4 4
1 0 13 12
1 15 12 9
1 4 4 12
1 0 12 4
1 0 5 5
1 12 9 5
1 1 15 6
1 10 1
1 11 12 10
1 6 17 4
1 16 17 12
1 3 5 12
1 1 8 0
1 19 12
1 16 20
1 1 16 14
1 15 1 11
1 1 11 11
1 20 5
1 11 1 15
1 4 4 1
1 3 12 17
1 0 15 1
1 16 9 20
1 0 4 4
1 0 15 6
1 2 13 1
1 13 19 12
1 16 14
1 3 0 5
1 11 16 14
1 12 6 4
1 11 19 1
1 0 14 1
1 12 16 11
1 11 17 16
1 1 9 5
1 9 5 0
1 12 3 5
1 20 1 17
1 12 16 17
1 16 20 12
1 15 17
1 15 1 15
1 0 1 3
1 9 1 17
1 6 17 16
1 12 8 0
1 1 15 1
1 5 6 0
1 12 15 1
1 5 5
1 6 0 16
1 5 6 12
1 12 16
1 5 6
1 6 11 12
1 12 17 1
1 12 11 12
1 0 1 17
1 20 20 5
1 12 1 5
1 12 20 3
1 19 8 12
1 12 0 5
1 12 12 5
1 9 5 11
1 12 9 3
1 3 9 12
1 5 5 11
1 4 12
1 12 14 9
1 6 1 0
1 1 1 5
1 5 0 16
1 0 0 6
1 17 6 1
1 1 9 3
1 1 6 11
1 1 20 3
1 11 1 17
1 3 11 1
1 12 0 6
1 12 12 9
1 11 12 17
1 14 12 11
1 6 12
1 1 0 17
1 6 0 12
1 4
1 6 0 1
1 1 14 0
1 3 11 12
1 12 14 11
1 15 15 12
1 11 11 12
1 1 0 5
1 0 15 4
1 1 4 12
1 0 5 1
1 1 1 9
1 11 11 1
1 11 3 1
1 17 1 0
1 15 17 12
1 16 11
1 17 12 0
1 14 20 1
1 12 15 12
1 11 19 12
1 14 11 5
1 12 4 17
1 12 11 15
1 8 0 12
1 16 9
1 12 9 11
1 12 16 20
1 12 21
1 1 0 6
1 11 12 15
1 11 1 11
1 11 6 1
1 5 16 4
1 14 9 12
1 1 12 0
1 9 20 5
1 12 6 11
1 11
1 1 0 0
1 1 14
1 16 0 12
1 5 16 11
1 5 1 5
1 12 19 8
1 12 17
1 5 12 1
1 12 0 3
1 0 12 9
1 12 1 16
1 1 12 16
1 1 1 0
1 4 1 12
1 1 17
1 0 1 21
1 12 11 19
1 10 1 0
1 14 0 1
1 6 1 11
1 16 16 0
1 1 11 12
1 1 11 14
1 0 12 16
1 1 5 16
1 1 11 3
1 1 2 13
1 9 12 11
1 12 12 11
1 5 16
1 0 12 0
1 1 4 15
1 17 16 0
1 16 11 1
1 0 16 1
1 0 0 1
1 11 9 1
1 14 12 12
1 1 5 1
1 20 1 12
1 11 1 1
1 12 15 8
1 16 16
1 16 1 0
1 0 20 1
1 17 1 1
1 11 1 9
1 0 3 12
1 0 9 12
1 1 0 9
1 0 5 11
1 20 5 16
1 12 18 7
1 12 20 12
1 12 9 12
1 0 15 0
1 12 14 12
1 1 12 3
1 12 9 1
1 4 0 11
1 1 14 1
1 17 4 11
1 21 1 11
1 1 1 17
1 3 5
1 5 11 4
1 12 6 6
1 17 12 20
1 15 5
1 17 1 9
1 16 5 4
1 0 15
1 12 15 17
1 0 16 3
1 6 12 14
1 1 0 16
1 4 11
1 10 10 12
1 21 12 11
1 4 5 16
1 6 1 14
1 11 15 6
1 4 12 9
1 12 20 5
1 11 16
1 1 3 9
1 1 21
1 15 1 9
1 19 1
1 17 16 12
1 11 0 4
1 20 5 1
1 0 16 14
1 16 20 1
1 5 4 12
1 21 12
1 10 1 11
1 1 15 16
1 16 9 12
1 19 8 1
1 5 11 6
1 1 6 5
1 11 0 0
1 1 16 17
1 9 9 5
1 9 0 1
1 1 12 4
1 6 11 1
1 15 5 16
1 3 20 12
1 11 6 12
1 1 6 0
1 6 17 11
1 0 1 6
1 1 11 17
1 1 4 1
1 12 14 0
1 1 15 12
1 0 20 12
1 12 15 4
1 0 16 9
1 11 5 6
1 1 6 12
1 1 11 1
1 18 7 12
1 12 0 14
1 21 10 12
1 11 20 1
1 3 1 17
1 17 4 12
1 12 0 13
1 12 4 12
1 1 19 8
1 12 1 11
1 5 16 5
1 11 3 12
1 20 11 1
1 20 0 1
1 6 17 1
1 0 1 0
1 6 0 11
1 0 9 1
1 11 12 9
1 16 5 11
1 20 1 0
1 1 0 20
1 11 14 1
1 1 20 11
1 9 1 1
1 20 0 12
1 1 16 1
1 12 3 11
1 12 3 1
1 17 6 11
1 1 1 20
1 10 12 11
1 20 12 6
1 12 17 0
1 1 1 6
1 20 3 1
1 0 6 1
1 11 20 12
1 0 1 16
1 3 0 12
1 1 15 4
1 1 0 12
1 1 16 5
1 1 0 1
1 3 0 1
1 1 12 11
1 1 6 17
1 1 1 11
1 11 14 12
1 3 3 12
1 0 11 1
1 14 14 12
1 1 17 6
1 14 14 1
1 3 3 1
1 14 3 1
1 1 11 0
1 11 0 1
2 17 6 2
2 2 13 2
2 5 16 2
2 15 4 2
2 6 17 2
2 19 8 2
2 2 11 0
2 2 16 2
2 17 17 6
2 17 2 13
2 17 6 0
2 6 17 6
2 6 2
2 2 0 0
2 0 6 2
2 4 17 2
2 19 8
2 4 6 2
2 6 2 17
2 5 0 11
2 2 11 11
2 17 2
2 17 6 6
2 6 2 11
2 6 2 0
2 17 2 4
2 19 8 0
2 5 16 0
2 12 0 11
2 17 2 6
2 1 0 11
2 19 2
2 1 1 0
2 1 12 0
2 17 2 0
2 15 4 11
2 17 17 2
2 6 2 15
2 19
2 17 2 11
2 15 4
2 12 1 0
2 19 17 2
2 6 19 2
2 2 13 5
2 12 12 0
2 8 2
2 17 17 0
2 6 6 2
2 15 0 11
2 15 17 6
2 17 15 2
2 6 0 11
2 17 19 6
2 17 6
2 19 8 5
2 0 17 6
2 17 0
2 6 15 2
2 17 5 16
2 4 5 16
2 6 8 17
2 2 5
2 4 0 2
2 5 6 11
2 17 6 11
2 6 0 15
2 8 17 2
2 16 19 2
2 6 0 2
2 8 15 11
2 19 19 2
2 2 16
2 13 17 2
2 8 5 2
2 8 8 2
2 11 17 2
2 11 15 2
2 6 2 2
2 8 6 2
2 16 5 0
2 5 16 11
2 17 19 2
2 17 11 2
2 6 8 2
2 6 5 16
2 5 16 4
2 5 13 2
2 5 1
2 5 16
2 5 12
2 17 16 0
2 15 6 0
2 8 17 6
2 17 0 0
2 4 15 2
2 12 1 2
2 15 0
2 12 12 2
2 1 1 2
2 1 12 2
2 8 19 2
2 2 5 16
2 17 8 2
2 19 6 2
2 2 0
2 2 11
2 2 0 11
3 14 3 14
3 14 14 14
3 12 1 14
3 11 0 11
3 14
3 1 12 14
3 3 14 3
3 14 12 1
3 12 12 14
3 1 1 14
3 14 1 12
3 14 14 3
3 3 14 14
3 11 14 3
3 14 12 12
3 14 1 1
3 1 12 3
3 3 12 1
3 0 11 3
3 1 1 3
3 12 12 3
3 12 1 3
3 11 0 14
3 14 3 3
3 3 3
3 3 0 3
3 3 12 12
3 3 3 14
3 3 1 1
3 3 1 12
3 3 14
3 14 3
3 1 12 11
3 1 1 12
3 1 1 1
3 1 12 12
3 1 12 1
3 12 1 11
3 1 1 11
3 14 14
3 12 12 12
3 12 12 1
3 12 1 12
3 12 1 1
3 12 12 11
3 3 14 11
3 1 1
3 11 11
3 11 1 12
3 9 20 11
3 9 12 1
3 20 20 11
3 9 9 11
3 0 0 11
3 20 9 11
3 11 3
3 9 1 1
3 11 14 11
3 1 11 12
3 0 12 1
3 0 1 12
3 0 1 1
3 0 12 12
3 9 1 12
3 1 12
3 20 12 1
3 9 12 12
3 11 12 12
3 11 12 1
3 1 0 1
3 20 12 12
3 11 1 1
3 20 1 12
3 12 11 12
3 12 1
3 20 1 1
3 12 0 1
3 12 12
3 0 14 3
3 3 11
3 0 11
3 1 12 0
3 1 11 1
3 12 1 20
3 1 1 20
3 11 0 0
3 12 12 0
3 5 16
3 20 11 9
3 20 11 20
3 9 11 20
3 9 11 9
3 1 1 0
3 12 11 1
3 11 11 14
3 12 12 20
3 11 11 3
3 12 1 0
3 3 11 14
3 12 12 9
3 0 3
3 0 0
3 3 20
3 11 11 11
3 1 1 9
3 12 1 9
3 5 16 14
3 3 9
3 1 12 20
3 5 16 3
3 9 20 9
3 1 12 9
3 0 3 11
3 3 0
3 5 16 0
3 20 9
3 9 9
3 14 11 11
3 0 20 0
3 0 9 0
3 1 16
3 9 20 20
3 9 0
3 14 11 14
3 20 0
3 12 6 12
3 1 6 12
3 20 20
3 12 6 1
3 9 20
3 1 16 11
3 20 20 14
3 20 11
3 12 16 11
3 9 9 14
3 20 9 14
3 9 20 14
3 3 14 20
3 9 11
3 4 15 14
3 18 7 14
3 15 4 14
3 3 14 9
3 1 12 16
3 12 12 16
3 1 1 16
3 12 1 16
3 1 6 1
3 20
3 9
3 11 9
3 9 5 16
3 11 20
3 1 0 16
3 5 16 11
3 12 16
3 0 5 16
3 12 0 16
3 3 11 3
3 20 9 0
3 9 20 0
3 20 20 0
3 9 9 0
3 11 5 12
3 11 5 1
3 0
3 0 0 3
3 11 14 14
3 12 11 16
3 1 11 16
3 11 5 16
3 5 11 12
3 5 11 1
3 5 12 11
3 5 1 11
3 3 0 14
3 14 5 16
3 11 0 20
3 11 0 9
3 11 9 11
3 11 14
3 11 3 0
3 11 20 11
3 14 11 3
3 20 0 11
3 0 3 3
3 10 21 14
3 10 10 14
3 21 21 14
3 9 0 11
3 3 3 0
3 0 11 20
3 0 11 9
3 14 11
3 21 10 14
3 11
3 11 9 0
3 11 20 0
3 3 14 0
3 14 3 11
3 14 14 11
3 11 3 11
3 3 3 11
3 11 3 14
3 0 3 14
3 12 0 12
3 1 0 12
3 14 0 11
3 0 11 11
3 0 11 14
3 3 3 3
3 3 0 11
4 4 0 11
4 4 11 15
4 4 4 0
4 4 17 6
4 4 15 4
4 4 2 13
4 6 0 11
4 4 6 17
4 6 17 4
4 4 4 15
4 11 4 0
4 4 1 12
4 15 4 11
4 12 1 12
4 4 0
4 1 1 12
4 4 1 1
4 4 11
4 4 8 19
4 12 1 1
4 1 12 12
4 12 12 12
4 1 1 1
4 2 13 4
4 0 4 11
4 12 12 1
4 12 12
4 1 12 1
4 12 1
4 1 12
4 1 1
4 6 17 1
4 6 17 12
4 13 6 2
4 15 0 11
4 0 11 15
4 0 0 11
4 17 6 4
4 11 0 12
4 4 12 12
4 8 19 1
4 8 19 12
4 11 0 1
4 12
4 1
4 5 16 15
4 0 11 11
4 4 5 16
4 15 5 16
4 15 4 0
4 5 16
4 6 4 0
4 17 4 11
4 12 0 11
4 2 13 17
4 17 6 13
4 1 0 11
4 6 11
4 0 5 16
4 4 11 13
4 12 1 11
4 1 1 11
4 6 0
4 4 11 16
4 17 8 0
4 17 6 1
4 17 6 12
4 0 11 16
4 4 0 0
4 4 11 11
4 19 8 11
4 0 11 1
4 0 11 12
4 15 12 12
4 2 13 1
4 2 13 12
4 15 4 12
4 6 1 1
4 5 16 11
4 15 1 12
4 6 12 1
4 16 5 1
4 16 5 12
4 0 13
4 5 16 17
4 0 12 0
4 0 1 0
4 18 7 0
4 6 0 0
4 8 12 1
4 5 1
4 5 16 1
4 19 8 0
4 5 16 12
4 8 12 12
4 15 4 1
4 13 6 0
4 1 12 15
4 5 12
4 5 16 2
4 16 15 0
4 6 6
4 17 4
4 4 1
4 12 12 15
4 0 16
4 11 1 1
4 1 11
4 8 1 12
4 12 11
4 4 2
4 19 6 4
4 1 5 16
4 6 4
4 11 13 8
4 6 5 16
4 12 0
4 0 11 17
4 4 15 12
4 1 0
4 5 11 12
4 11 5 16
4 12 11 12
4 12 11 1
4 12 4 12
4 1 4 12
4 4 15 1
4 4 6
4 4 17
4 0 16 1
4 0 16 12
4 4 17 11
4 4 2 0
4 0 15 16
4 1 11 1
4 1 11 12
4 5 11 1
4 0 16 0
4 6 1 12
4 16 1 1
4 4 13
4 16 12 1
4 6 1
4 17 1 12
4 0 15 6
4 17 12 12
4 19 8
4 17 12 1
4 2 13 11
4 17 8 4
4 13 2 1
4 6 12
4 12 20 12
4 1 20 12
4 12 9 12
4 1 9 12
4 5 0 11
4 15 12 1
4 11 6 0
4 15 1 1
4 12 20 1
4 12 9 1
4 1 9 1
4 1 20 1
4 13 2 12
4 4 12
4 6 15 0
4 6 1 11
4 6 12 12
4 11 1 15
4 6 12 11
4 2 5 16
4 15 11 1
4 15 11 12
4 17 12
4 11 12 15
4 17 1
4 1 1 15
4 4 5 0
4 12 1 15
4 15 6 11
4 6 11 15
4 1 12 0
4 11 0
4 11 12 1
4 11 0 0
4 4 12 0
4 17 8
4 12 12 0
4 1 12 11
4 4 1 0
4 12 5 16
4 4 11 12
4 4 11 1
4 12 12 11
4 1 1 0
4 6 12 0
4 6 1 0
4 12 1 0
4 6 0 13
4 0 11 13
4 0 18 7
4 17 1 1
4 4 4 11
4 4 0 15
4 4 19 8
4 5 16 0
4 8 1 1
4 1 1 6
4 1 12 6
4 4 0 6
4 11 0 11
4 2 13 6
4 4 12 1
4 0 11
4 4 11 0
4 15 4 4
4 0 11 4
5 0 11 5
5 2 13 5
5 5 16 5
5 11 5
5 0 5
5 19 8 5
5 1 12 5
5 1 16 5
5 1 1 5
5 12 12 5
5 0 16 5
5 12 1 5
5 17 16 5
5 11 11 5
5 12 16 5
5 11 16 5
5 13 5
5 5 12 1
5 16 5 0
5 1 5
5 12 5
5 17 6 5
5 5 1 1
5 5 12 12
5 0 0 5
5 11 1 5
5 1 11 5
5 11 12 5
5 12 11 5
5 5 0 11
5 5 6 17
5 5 1 12
5 6 5
5 1 0 5
5 12 0 5
5 0 0 11
5 0 12 5
5 0 1 5
5 12 0 11
5 0 11
5 0 1 12
5 0 1 1
5 0 12 12
5 0 12 1
5 11 0 11
5 0 11 12
5 19 6 17
5 0 11 1
5 0
5 17 5
5 0 12 11
5 0 11 11
5 0 0 0
5 0 1 11
5 18 7 5
5 17 11 5
5 1 0 11
5 20 5
5 9 5
5 0 0
5 0 13 5
5 2 11 5
5 17 0 11
5 0 1
5 0 6 5
5 0 0 1
5 11 5 16
5 4 11 5
5 0 0 12
5 2 0 11
5 1 12 0
5 12 1 0
5 1 1 0
5 12 12 0
5 2 13 2
5 12 1 12
5 1 12 11
5 12 12 11
5 1 12
5 12 1 11
5 0 5 16
5 12 1
5 1 1 11
5 1 1
5 12 1 1
5 1 1 12
5 12 5 16
5 12 12
5 0 12
5 17 6
5 1 1 1
5 1 5 16
5 16 0 5
5 11 5 5
5 2 5
5 1
5 12
5 11 0
5 16 11 5
5 0 11 16
5 19 17 6
5 11 12 1
5 12 11
5 11 1 1
5 1 0 1
5 11
5 0 5 5
5 12 0 1
5 0 15 5
5 13 2 5
5 1 5 5
5 12 5 5
5 16 0 12
5 14 11 5
5 0 11 6
5 13 2
5 16 0 1
5 1 0 12
5 11 5 0
5 1 11
5 12 0 12
5 4 5
5 19 2 13
5 16 12 5
5 16 1 5
5 11 17 5
5 20 9 5
5 20 20 5
5 9 20 5
5 9 9 5
5 1 6 5
5 6 5 16
5 15 0 11
5 11 1 12
5 11 12 12
5 18 7
5 6 0 5
5 12 6 5
5 0 17 5
5 5 0
5 5 11 5
5 12 16 12
5 17 0 5
5 5 5
5 12 12 12
5 0 17
5 15 4 5
5 1 16 1
5 15 5
5 9 5 16
5 1 16 12
5 12 12 1
5 2 1
5 5 17 6
5 20 5 16
5 17 12 5
5 16 12
5 12 16 1
5 0 17 11
5 0 1 16
5 0 12 16
5 16 12 0
5 1 5 0
5 16 1 0
5 12 5 0
5 16 1
5 0 12 17
5 2 12
5 11 16 11
5 5 16
5 6 17 5
5 6 11 5
5 20 11 5
5 5 16 0
5 20 0 1
5 16 5
5 9 11 5
5 4 0 11
5 17 1 5
5 11 6 5
5 11 17 6
5 5 16 11
5 9 1 12
5 20 1 12
5 9 12 12
5 20 12 12
5 20 1 1
5 9 1 1
5 4 0 5
5 11 12
5 20 0 5
5 1 12 1
5 11 1
5 12 11 1
5 5 0 5
5 1 11 1
5 9 0 5
5 16 11 12
5 16 11 1
5 0 4 5
5 0 17 0
5 1 12 12
5 16 17
5 20 12 1
5 20 0 12
5 9 12 1
5 14 5
5 0 17 16
5 3 5
5 11 15 5
5 3 14 12
5 3 14 1
5 20 12
5 12 1 16
5 1 1 16
5 9 12
5 0 9 5
5 9 1 0
5 20 1
5 12 9 5
5 12 20 5
5 1 9 5
5 1 20 5
5 9 0 1
5 12 15 0
5 11 0 17
5 9 1
5 11 5 11
5 16 11 17
5 9 12 0
5 12 12 16
5 0 20 5
5 1 12 16
5 0 1 17
5 17 17 5
5 20 5 11
5 1 15 0
5 6 6 5
5 19 8 2
5 9 12 5
5 20 12 5
5 14 1 11
5 17 17
5 9 1 5
5 20 1 5
5 11 9 5
5 17 0
5 11 20 5
5 0 3 12
5 0 3 1
5 6 0 16
5 12 17 0
5 14 12 11
5 12 11 17
5 1 17 0
5 15 4 11
5 16 0 17
5 17 6 16
5 11 0 16
5 16 17 6
5 1 11 17
5 15 0 5
5 14 1 12
5 14 12 1
5 14 1 1
5 11 4 5
5 14 12 12
5 4 15 0
5 5 0 13
5 20 12 11
5 12 4 5
5 1 4 5
5 5 12 5
5 5 1 5
5 0 16
5 17 2 5
5 5 2 11
5 0 5 0
5 2 0 5
5 20 1 11
5 17 17 11
5 16 17 17
5 12 17
5 4 1 0
5 3 14 5
5 9 0 12
5 4 12 0
5 15 4 12
5 0 14 5
5 11 0 0
5 4 6 5
5 17 15 5
5 4 1
5 16 6 0
5 12 12 17
5 15 0
5 15 4 1
5 9 5 5
5 20 5 5
5 1 15 5
5 1 12 17
5 11 3 5
5 14 1
5 5 6 5
5 12 17 5
5 15 2 5
5 14 12
5 12 1 17
5 4 13 5
5 2 0 17
5 3 3 5
5 2 15 5
5 12 15 5
5 1 1 17
5 4 1 5
5 13 6 5
5 6 6 17
5 17 12 1
5 14 14 5
5 15 12 5
5 15 1 5
5 1 17 5
5 11 17 16
5 16 6 5
5 5 16 6
5 17 1 12
5 12 6 0
5 5 17 5
5 17 17 16
5 12 1 15
5 1 6 0
5 6 16 5
5 1 16
5 12 0 17
5 3 1 0
5 3 12 0
5 15 11 5
5 11 14 1
5 11 14 12
5 15 15 5
5 20 3 5
5 4 4 5
5 14 9 5
5 17 4 5
5 15 6 5
5 3 11 5
5 6 2 5
5 14 0 5
5 13 17 5
5 13 4 5
5 12 16
5 16 20 5
5 16 9 5
5 11 13 5
5 4 12 5
5 11 1 16
5 11 12 16
5 0 3 5
5 0 15 0
5 17 16
5 1 1 15
5 16
5 20 1 17
5 6 11 17
5 9 1 17
5 0 0 17
5 14 1 0
5 14 12 0
5 17 1 1
5 6 12 5
5 17 12 12
5 4 12
5 20 12 17
5 0 18
5 16 0
5 9 12 17
5 3 0 1
5 1 17
5 1 5 11
5 3 0 12
5 6 1 5
5 6 17 16
5 11 17
5 16 5 5
5 15 0 15
5 9 5 0
5 12 0 16
5 1 0 16
5 12 5 11
5 17 5 5
5 11 0 1
5 1 0 17
5 1 0
5 6 17
5 1 0 0
5 11 11
5 20 1 0
5 20 12 0
5 17
5 17 6 11
5 20 20 1
5 5 11
5 9 9 1
5 9 20 1
5 20 9 1
5 0 13 17
5 5 16 17
5 0 5 11
5 11 12 11
5 11 1 11
5 1 11 12
5 20 20 12
5 12 11 12
5 9 9 12
5 20 9 12
5 9 20 12
5 16 5 16
5 5 16 12
5 12 0
5 5 16 1
5 12 0 0
5 17 6 17
5 13 2 12
5 11 0 12
5 13 2 1
5 11 12 0
5 11 1 0
5 0 11 17
5 5 5 16
5 0 1 0
5 0 12 0
5 0 11 0
6 6 17 6
6 6 0 11
6 6 6 17
6 6 15 4
6 0 11 6
6 17 6 6
6 6 13
6 6 2 13
6 8 19 6
6 6 13 17
6 6 2
6 4 15 6
6 6 4 15
6 2 13 6
6 6 17 8
6 6 8 19
6 16 5 6
6 12 12 6
6 1 1 6
6 1 12 6
6 12 1 6
6 6 2 11
6 11 6 0
6 15 4 6
6 6 0
6 6 1 12
6 5 16 6
6 6 12 1
6 11 0 11
6 6 11
6 6 1 1
6 6 12 12
6 6 19 8
6 11 0 6
6 6 0 13
6 0 6 11
6 4 11 15
6 16 0 11
6 19 6 8
6 1 0 11
6 6 5 16
6 5 16 5
6 0 11 11
6 17 0 13
6 6 11 17
6 6 6
6 6 0 6
6 0 0
6 0 1 12
6 0 1 1
6 0 12 1
6 0 12 12
6 0 0 11
6 6 6 0
6 11 2 13
6 5 16
6 0 17 6
6 4 11 12
6 4 11 1
6 12 1 12
6 16 16 0
6 16 6
6 12 1 1
6 17 6 0
6 8 6
6 1 12 12
6 1 1 12
6 12 12 1
6 1 1 1
6 12 12 12
6 11 0
6 0 0 6
6 17 17 6
6 11 18 7
6 2 6 13
6 8 6 17
6 1 12 1
6 5 16 0
6 1 12 11
6 5 16 17
6 12 1 11
6 17 6 17
6 13 6 2
6 12 0 1
6 12 0 12
6 16 16
6 17 2 13
6 8 15
6 6 17
6 6 13 15
6 5 6
6 1 1 0
6 1 1 11
6 12 1 0
6 16 0 13
6 12 12 11
6 12 12
6 1 0 12
6 16 0
6 1 0 1
6 5 6 17
6 12 12 0
6 1 1
6 6 17 11
6 6 8 17
6 16 11
6 0 5 16
6 4 0
6 0 11 5
6 0 13 17
6 6 17 0
6 16 16 11
6 6 16 5
6 17 0 11
6 11 11
6 8 17 8
6 0 0 13
6 11 11 11
6 2 13
6 16 6 11
6 15 4 8
6 1 0 0
6 17 1 1
6 12 0 0
6 17 8
6 1 12 0
6 1 12
6 0 6 0
6 17 1 12
6 11 16 17
6 17 12 12
6 2 17 6
6 0 11 16
6 17 6 2
6 4 11
6 16 16 17
6 0 16 1
6 5 16 11
6 0 6
6 16
6 12 5 11
6 11 11 12
6 16 0 12
6 17 11 6
6 12 1 17
6 1 1 17
6 17 16
6 0 16 0
6 6 17 2
6 16 20 1
6 16 9 12
6 16 9 1
6 4 1 1
6 5 5 11
6 1 11 1
6 15 4 16
6 11 5 16
6 4 1 12
6 1 3 1
6 0 11 17
6 8 17
6 12 3 1
6 6 16
6 12 3 12
6 15 5 16
6 1 9 1
6 17 16 16
6 1 5 11
6 1 20 1
6 4 0 11
6 11 16 0
6 1 15
6 15 4
6 5 16 13
6 6 0 5
6 4 0 12
6 6 16 16
6 12 1
6 17 4
6 19 6 13
6 1 12 15
6 16 2 0
6 4 15 16
6 1 1 15
6 12 1 15
6 12 11 12
6 16 12 0
6 1 12 16
6 12 12 16
6 12 1 16
6 1 1 16
6 19 6
6 4 15
6 13 6 8
6 15 0 11
6 6 13 8
6 6 8 8
6 6 16 11
6 11 0 16
6 4 12
6 8 11 19
6 16 1 11
6 16 0 1
6 5 6 0
6 16 0 16
6 15 2 13
6 2 4 13
6 8 0 15
6 4 5 16
6 4 17
6 1 11 12
6 2 13 13
6 17 8 6
6 2 13 11
6 12 9 12
6 12 9 1
6 11 6
6 12 20 1
6 6 8 6
6 6 16 19
6 17 11 16
6 11 6 11
6 16 0 0
6 2 6 19
6 6 8 5
6 5 5 16
6 17 6 19
6 6 17 19
6 6 0 17
6 16 12
6 6 19
6 8 2 13
6 19 2 13
6 8 4 15
6 11 11 6
6 17 6 11
6 12 5 16
6 6 11 11
6 2 13 19
6 16 19 6
6 11 6 17
6 17 12 1
6 4 2 11
6 16 1
6 8 5 6
6 16 5 16
6 6 6 13
6 1 5 16
6 6 2 17
6 4 12 12
6 2 4 11
6 4 12 1
6 0 16 12
6 11 11 1
6 0 6 6
6 0 13
6 19 6 6
6 6 11 6
6 1 12 17
6 11 12 1
6 6 6 11
6 12 12 17
6 12 11 1
6 8 6 2
6 6 5 6
6 6 19 19
6 16 1 0
6 2 13 4
6 6 17 16
6 16 20 12
6 17 11
6 1 9 12
6 1 3 12
6 1 20 12
6 6 6 19
6 6 5 5
6 4 0 1
6 12 15
6 11 1 1
6 6 5
6 12 12 15
6 2 0 11
6 16 17
6 4 11 11
6 19 8
6 4 11 4
6 16 1 16
6 6 8
6 6 13 6
6 8 8
6 6 0 19
6 4 1
6 19
6 6 13 0
6 8 6 19
6 16 12 11
6 6 11 2
6 6 4 2
6 6 8 11
6 12 20 12
6 17 5 6
6 4 4 0
6 6 19 17
6 17 5 16
6 16 17 6
6 16 6 6
6 2 5 16
6 0 16
6 6 17 17
6 6 6 8
6 6 19 2
6 0 4 11
6 17 6
6 19 17 6
6 2 0 13
6 11 12 12
6 4 15 8
6 11 1 12
6 2 11 13
6 17 6 8
6 5 16 12
6 5 16 1
6 6 2 0
6 8
6 11 17
6 11 15 4
6 6 11 13
6 6 0 0
6 12 12 4
6 0 11
6 6 6 6
6 2 13 17
6 1 12 4
6 17 6 13
6 2 13 8
6 11 17 6
6 6 6 2
6 8 19 8
7 7 0 11
7 7 18 7
7 7 11
7 7 16
7 7 15 0
7 7 5
7 7 0 15
7 8 0 0
7 0 0 7
7 7 4 11
7 7 0 6
7 7 11 4
7 8 0
7 16 0
7 7 11 11
7 7 17 11
7 11 11 7
7 7 0 0
7 7 19 8
7 7 0
7 7 5 16
7 7 1 12
7 7 1 1
7 7 12 12
7 7 12 1
8 8 0 11
8 8 5 16
8 8 17 6
8 8 19 8
8 8 18 7
8 8 11
8 2 13 8
8 6 17 8
8 17 6 8
8 8 13
8 8 2 13
8 6 8 17
8 8 15 4
8 8 2
8 15 4 8
8 8 6
8 8 12 1
8 6 17 13
8 8 15
8 8 4
8 8 4 11
8 17 6 0
8 6 4 11
8 8 1 1
8 8 12 12
8 8 17
8 17 8 6
8 8 1
8 7 11
8 6 17 16
8 12 1
8 1 1
8 8 12
8 1 12 11
8 12 12 11
8 1 1 11
8 12 1 11
8 12 12
8 1 12
8 4 1 1
8 8 11 11
8 4 12 1
8 6 19 6
8 8 11 15
8 4 1 12
8 4 12 12
8 8 4 0
8 8 5 13
8 8 2 16
8 17 2 6
8 2 13 16
8 17 6 16
8 6 4
8 6 2 13
8 8 0 15
8 8 19 6
8 6 19
8 19 2 13
8 2 13 19
8 2 13 6
8 6 17 6
8 2 13
8 15 4 6
8 17 6 19
8 8 19 17
8 6 6
8 8 0 13
8 6 6 17
8 6 17 17
8 17 6 17
8 6 8 0
8 6 13 17
8 17 17 6
8 8 2 11
8 17 8 11
8 6 4 15
8 17
8 19 17 6
8 13
8 19 6
8 1 1 13
8 12 1 13
8 1 12 13
8 12 12 13
8 6
8 2 13 13
8 2 13 17
8 4 15 6
8 15 4 13
8 2 0 4
8 17 6 13
8 8 0 1
8 8 0 12
8 2 17 6
8 7 11 11
8 8 1 11
8 8 12 11
8 8 0 0
8 6 17
8 17 2 13
8 17 6
8 8 19 13
8 17 6 6
8 8 0
8 8 1 12
9 20 9 20
9 20 20 20
9 11 0 20
9 12 1 20
9 1 12 20
9 20 1 12
9 20 12 1
9 1 1 20
9 12 12 20
9 20 1 1
9 20 12 12
9 20
9 1 1
9 12 12
9 12 1
9 1 12
9 9 12 1
9 9 12 12
9 9 1 12
9 9 1 1
9 12 1 9
9 20 20 9
9 1 1 9
9 12 1 12
9 12 12 12
9 12 1 1
9 12 12 1
9 1 1 12
9 20 0 20
9 1 12 12
9 1 1 1
9 1 12 1
9 0 11 0
9 1 12 9
9 0 11 11
9 1 0 16
9 12 0 16
9 20 0 9
9 0 0 11
9 11 20 11
9 12 11 1
9 5 16
9 9 0 20
9 5 11 1
9 5 11 12
9 12 12 9
9 0 5 16
9 9 20
9 9 0 9
9 0 0
9 3 12 1
9 3 12 12
9 1 11 1
9 12 11 12
9 11 9
9 11 20
9 12 12 11
9 5 16 0
9 14 3
9 9 9 11
9 9 20 11
9 12 1 11
9 14 0 11
9 20 11
9 0 0 20
9 5 16 1
9 5 16 12
9 14 3 11
9 20 0 0
9 20 20 11
9 20 9 11
9 0 11 3
9 0 0 9
9 3 1 1
9 0 14 11
9 0 1 16
9 0 11
9 0 14
9 0 9
9 3 14 11
9 3 1 12
9 11 0 14
9 0 20
9 9 0 0
9 0 3 11
9 11 0 11
9 14
9 3 0
9 0 12 16
9 5 16 11
9 0 14 0
9 0 11 14
9 12 16
9 1 5 16
9 12 5 16
9 5 1 12
9 14 11 11
9 5 1 1
9 1 11 12
9 20 9 14
9 5 1
9 3 0 11
9 11 3 11
9 20 11 11
9 9 11 11
9 5 12
9 9 20 3
9 20 11 20
9 1 6 12
9 1 6 1
9 11 14
9 12 17 12
9 5 12 12
9 1 17 12
9 9 5 1
9 9 5 12
9 9 3
9 0 9 3
9 0 20 3
9 5 16 16
9 10 21 20
9 10 10 20
9 21 10 20
9 21 21 20
9 12 15 12
9 1 4 12
9 12 4 12
9 12 15 1
9 1 15 1
9 1 15 12
9 12 4 1
9 1 4 1
9 12 1 16
9 1 16
9 11 11 20
9 11 11 9
9 12 16 9
9 12 16 20
9 18 7 20
9 1 16 9
9 11 9 14
9 15 4 20
9 11 20 14
9 1 16 20
9 12 12 16
9 1 1 16
9 1 12 16
9 1 17 16
9 12 17 16
9 0 14 20
9 5 5 16
9 5 12 9
9 5 1 9
9 5 12 20
9 5 1 20
9 14 14 20
9 20 3
9 5 6 1
9 20 5 12
9 5 6 12
9 20 5 1
9 20 14
9 9 14
9 12 17 1
9 1 17 1
9 9 1 16
9 9 11 9
9 3 3 20
9 9 12 16
9 20 5 16
9 20 1 16
9 9 11 20
9 3 20
9 12 6 1
9 20 11 9
9 3
9 12 6 12
9 3 9
9 3 9 0
9 3 11 20
9 3 14 3
9 20 12 16
9 3 20 0
9 0 3 20
9 14 20 11
9 14 9 11
9 11 14 11
9 11 14 20
9 5 12 1
9 14 11 20
9 11 11
9 5 11 16
9 3 11
9 9 5 16
9 14 11
9 3 5 16
9 0 3
9 0 3 0
9 0 20 11
9 0 9 11
9 11
9 9 0
9 1 1 11
9 3 0 20
9 12 1 3
9 14 20
9 1 12 3
9 12 12 3
9 14 9
9 1 1 3
9 11 12 1
9 5 12 11
9 5 1 11
9 14 1 1
9 14 12 1
9 11 1 1
9 9 11
9 9 20 0
9 1 12 14
9 1 1 14
9 14 3 20
9 12 11 16
9 1 11 16
9 11 20 0
9 11 0 3
9 11 9 0
9 12 12 14
9 20 20 0
9 20 9 0
9 9 9 0
9 1 12 11
9 12 1 14
9 11 5 16
9 5 16 9
9 11 9 11
9 9 9
9 3 14 20
9 0 20 0
9 0 9 0
9 1 12 0
9 5 16 20
9 11 12 12
9 1 1 0
9 11 0 0
9 20 0
9 11 9 9
9 11 20 9
9 11 1 12
9 20 9
9 0 9 9
9 0
9 0 20 9
9 12 12 0
9 11 20 20
9 11 9 20
9 12 1 0
9 1 0 1
9 12 0 1
9 12 0 12
9 0 9 20
9 1 0 12
9 20 20
9 0 20 20
9 9 0 11
9 20 0 11
9 0 11 9
9 0 1 12
9 0 1 1
9 9 9 9
9 9 20 9
9 0 12 12
9 0 12 1
9 9 20 20
9 9 9 20
9 20 9 9
9 0 11 20
10 12 1 21
10 1 12 21
10 1 1 21
10 12 12 21
10 21 10 21
10 21 21 21
10 21
10 14 3 21
10 3 14 21
10 3 3 21
10 14 14 21
10 12 1
10 1 12
10 12 12
10 1 1
10 1 0 12
10 1 0 1
10 12 0 12
10 12 0 1
10 0 11 21
10 1 11 12
10 12 11 12
10 1 11 1
10 12 11 1
10 21 0 11
10 10 10 21
10 10 21 21
10 11 0 21
10 5 16 21
10 4 15 21
10 15 4 21
10 9 20 21
10 9 9 21
10 20 9 21
10 20 20 21
10 18 7 21
10 19 8 21
10 6 17 21
10 0 11 10
10 10 0 11
11 11 15 4
11 11 17 6
11 11 1 12
11 11 12 1
11 11 12 12
11 11 1 1
11 11 5 16
11 11 0 11
11 11 11 0
11 11 6 17
11 12 11 12
11 1 11 12
11 1 11 1
11 12 11 1
11 11 0 3
11 6 11 17
11 11 13 2
11 15 11 4
11 11 0 20
11 4 11 15
11 11 17
11 11 15 11
11 11 3 14
11 11 16 5
11 11 20 9
11 11 14 3
11 11 4 15
11 1 12 3
11 11 9 20
11 11 20 20
11 11 0 4
11 11 0 14
11 11 9 9
11 1 12 9
11 11 15 6
11 13 2 11
11 11 9
11 3 14 3
11 11 20
11 11 6 6
11 13 17 6
11 12 12 3
11 11 6
11 12 1 3
11 1 1
11 11 21 10
11 11 10 10
11 17 11 6
11 1 1 3
11 11 0 1
11 12 1
11 1 12 20
11 1 12
11 15 4 4
11 11 17 17
11 12 12
11 11 17 4
11 11 10 21
11 11 11 14
11 12 1 9
11 11 21 21
11 12 12 9
11 11 11 20
11 11 11 9
11 11 0 12
11 11 9 0
11 11 14 11
11 0 11 0
11 0 0 11
11 12 1 20
11 17 6
11 1 1 9
11 12 12 20
11 12 3 1
11 0 11
11 11 20 0
11 12 1 12
11 1 3 1
11 12 12 1
11 1 12 12
11 1 12 1
11 12 3 12
11 1 3 12
11 1 1 20
11 0 11 12
11 0 11 1
11 12 12 12
11 12 14 1
11 12 1 1
11 12 16
11 1 1 12
11 11 0 9
11 0 1 12
11 13 17 17
11 20 0 20
11 0 12 1
11 1 1 1
11 9 0 9
11 1 14 1
11 3 0
11 0 12 12
11 11 3 20
11 12 20 1
11 1 20 12
11 1 9 1
11 11 6 0
11 16 0
11 20 0 9
11 3 1 12
11 0 7 18
11 0 1 1
11 11 17 0
11 11 0 0
11 16 5 16
11 16 0 16
11 12 6 1
11 1 14 12
11 1 20 1
11 16 20 12
11 12 0 16
11 1 16
11 11 3 0
11 12 20 12
11 3 0 3
11 11 11 17
11 20 9 3
11 9 0 20
11 1 16 12
11 3 12 1
11 5 0 5
11 5 16 5
11 11 14
11 11 0
11 11 14 9
11 3 3 14
11 12 14 12
11 5 16 12
11 12 5 16
11 9 5 16
11 12 19 8
11 13 15 6
11 15 6 4
11 16 5
11 5 16 16
11 16 9 5
11 17 6 2
11 0 17 6
11 1 4
11 16 12 6
11 14 11 3
11 1 12 4
11 1 17 12
11 20 12 1
11 14 3 3
11 11 6 16
11 16 1
11 5 5 1
11 1 21 1
11 5 1 3
11 6 15 4
11 11 5 6
11 17 16 1
11 11 15 0
11 12 4
11 16 12
11 12 5 6
11 12 9 12
11 0 17 1
11 0 5 16
11 16 14 12
11 6 17 0
11 1 6 1
11 1 12 5
11 0 17
11 11 11 16
11 16 5 12
11 5 6
11 17 16 12
11 1 12 17
11 11 17 2
11 13 17
11 16 12 0
11 6 12 0
11 6 17 12
11 5 16 6
11 12 17 12
11 0 13 17
11 5 11
11 12 11 5
11 12 16 1
11 12 1 4
11 16 20 1
11 1 12 8
11 17 16 0
11 11 1 16
11 6 18 7
11 11 20 3
11 0 11 9
11 12 1 17
11 5 5 6
11 20 3 20
11 3 3 0
11 11 1
11 5 16 4
11 1 9 12
11 17 6 12
11 3 14
11 20 20 3
11 12 1 6
11 0 6 1
11 1 0 5
11 18 16
11 17 6 16
11 6 0
11 1 0 16
11 12 9 1
11 20 0 14
11 5 12 12
11 20 3 9
11 0 18 8
11 0 17 12
11 6 17 1
11 14 3 9
11 5 16
11 1 1 6
11 1 16 3
11 17 1 12
11 9 0
11 5 17 6
11 0 9 20
11 15 0 16
11 1 5 12
11 19 6 8
11 12 16 0
11 11 12 2
11 0 20 20
11 11 13 15
11 11 12 6
11 15 0 1
11 1 0 15
11 15 6 1
11 17 12 12
11 3 5 16
11 5 0
11 12 12 4
11 12 5
11 20
11 3 14 20
11 14 1 1
11 14 0 20
11 6 11 5
11 11 12 16
11 15 4 5
11 16 11
11 17 0 6
11 1 1 8
11 0 3
11 5 16 20
11 0 6 17
11 14
11 9 3 9
11 3 12 12
11 1 1 5
11 11 5 12
11 17 16
11 13 2 0
11 0 16 0
11 16 15
11 1 16 16
11 12 12 16
11 11 16 0
11 11 11 15
11 3 0 14
11 16
11 18 7 0
11 5 16 9
11 1 12 16
11 16 0 1
11 6 0 0
11 9 20 20
11 0 11 14
11 15 11 6
11 0 3 9
11 15 15 4
11 16 12 17
11 0 15 6
11 1 1 4
11 15 12 1
11 9 9
11 11 13 5
11 11 3 9
11 15 12
11 11 6 5
11 16 11 12
11 0 1 16
11 12 17 1
11 9
11 12 12 6
11 11 5
11 3 12 16
11 12 4 12
11 0 19 8
11 4 19 2
11 11 15 15
11 15 6 15
11 16 1 16
11 16 1 0
11 0 11 3
11 16 11 5
11 3 11 9
11 16 16 12
11 9 9 9
11 11 15 5
11 6 1 12
11 9 3
11 20 1 1
11 3 11 14
11 20 0
11 3 9
11 12 21 12
11 12 4 1
11 5 12 3
11 16 3 12
11 12 16 12
11 1 6 12
11 12 1 16
11 9 12 1
11 12 9 5
11 6 5 16
11 13 1 12
11 1 11 16
11 16 12 16
11 12 16 3
11 11 5 0
11 4 4 12
11 2 13 4
11 5 16 14
11 17 1 1
11 9 9 0
11 16 12 12
11 11 11
11 1 5 16
11 5 16 0
11 0 0 6
11 11 15 12
11 11 1 2
11 16 0 17
11 9 3 20
11 12 6 12
11 3 14 9
11 16 1 6
11 5
11 17 5 6
11 16 1 17
11 11 14 20
11 5 16 1
11 17 6 13
11 1 19 8
11 1 1 17
11 1 16 20
11 11 4 4
11 12 16 9
11 0 0 3
11 0 20 9
11 16 1 5
11 17 4
11 0 5
11 16 17 16
11 1 16 9
11 9 11 9
11 9 20 3
11 1 12 14
11 12 1 8
11 1 5 1
11 17 4 4
11 4 12 12
11 16 9 12
11 0 6
11 11 1 5
11 13 17 16
11 5 11 16
11 11 13 6
11 15 17 8
11 11 0 5
11 3 11 20
11 12 16 16
11 14 1 12
11 12 10 1
11 16 16
11 16 16 1
11 6 6 5
11 12 11 16
11 12 0 5
11 4 12 1
11 11 11 5
11 11 13 12
11 0 6 12
11 0 20
11 14 9
11 14 20
11 14 11 20
11 0 11 4
11 5 0 16
11 0 11 20
11 13 1 1
11 5 1 1
11 20 5 16
11 17 5 16
11 14 3 14
11 11 17 11
11 3 1 16
11 11 16 2
11 4 4 1
11 13 17 2
11 15 1 1
11 5 12 1
11 1 11 5
11 11 16 17
11 9 0 3
11 11 4 12
11 15 11 0
11 0 3 14
11 0 11 17
11 16 0 15
11 11 16 15
11 17 0 16
11 5 0 1
11 11 4 0
11 1 5
11 20 3
11 17 0
11 17 16 16
11 17 11 16
11 20 20
11 13 15
11 13 5 16
11 5 16 3
11 11 16
11 11 5 1
11 0 3 20
11 2 13 6
11 13 2
11 0 16 1
11 3 3
11 11 4 6
11 20 20 20
11 16 12 5
11 12 12 5
11 5 16 17
11 3 20
11 9 9 3
11 0 11 6
11 9 1 12
11 11 9 3
11 16 0 0
11 6 17 6
11 4 15 16
11 9 20 14
11 0 16 12
11 0 15 4
11 12 12 14
11 18 7 15
11 1 16 1
11 15 13 6
11 14 0 3
11 9 20
11 1 9 5
11 1 17 1
11 16 11 1
11 16 9 1
11 17 6 1
11 11 1 0
11 15 4 1
11 15 19 8
11 15 12 12
11 11 9 14
11 12 17 16
11 0 0 16
11 11 1 4
11 11 15 1
11 6 17 16
11 3 1 1
11 6 6 17
11 14 12 12
11 1 1 16
11 11 20 14
11 15 16 15
11 13 2 16
11 0 11 15
11 16 0 5
11 0 14
11 0 3 3
11 1 17 4
11 11 18 7
11 11 1 15
11 9 1 1
11 12 12 17
11 0 15 11
11 0 11 16
11 0 9
11 13 19 8
11 11 17 1
11 15 5 16
11 11 3 3
11 4 11 17
11 4 0 11
11 16 1 1
11 17 11
11 9 12 12
11 18 8
11 5 16 15
11 18 8 0
11 5 11 1
11 15 6
11 1 10 12
11 16 3 1
11 0 11 5
11 14 0
11 11 11 11
11 20 20 0
11 5 11 12
11 17 6 17
11 16 12 1
11 6 17
11 0 6 0
11 15 6 12
11 15 6 0
11 11 11 3
11 11 16 1
11 16 5 1
11 6 2 13
11 20 11 20
11 11 16 4
11 0 9 9
11 18 7
11 6 0 17
11 19 17 6
11 11 11 1
11 0 12 16
11 12
11 11 12 4
11 5 16 2
11 17 12 0
11 11 4 1
11 15 18 7
11 11 15
11 15 4
11 13 17 0
11 17 6 5
11 12 5 12
11 12 10 12
11 15 0 12
11 15 4 0
11 3
11 15 11
11 12 21 1
11 1 5 6
11 15 1 12
11 16 14 1
11 15 4 12
11 11 11 6
11 9 11 20
11 1 10 1
11 1 3 5
11 5 0 12
11 3 14 0
11 19 8 4
11 4 11
11 13 16 5
11 11 12 5
11 9 0 14
11 12 17 4
11 17 12 1
11 14 0 9
11 15 1
11 12 3 5
11 13 12 1
11 0 16
11 11 4 5
11 11 13 1
11 17 17 6
11 12 16 20
11 5 5 16
11 11 12
11 20 1 12
11 14 14 3
11 20 9
11 16 1 12
11 14 3 20
11 3 0 0
11 1 12 6
11 1 17 16
11 14 11 9
11 5 1 12
11 14 12 1
11 12 1 14
11 16 16 6
11 11 14 0
11 20 9 9
11 14 5 16
11 0 17 16
11 11 4 2
11 7 18 0
11 14 0 14
11 11 16 12
11 9 20 0
11 12 5 1
11 16 0 12
11 11 5 17
11 13 6 2
11 11 12 0
11 1 16 0
11 11 11 12
11 19 8 0
11 15 4 2
11 3 3 3
11 5 5 12
11 11 0 6
11 20 20 9
11 11 3
11 12 1 5
11 6 11
11 6 12 1
11 4 5 16
11 1 4 12
11 17 6 0
11 20 12 12
11 11 17 15
11 6 0 11
11 4 11 11
11 12 12 8
11 12 0 15
11 6 1 0
11 3 0 20
11 11 11 4
11 0 13 2
11 1 21 12
11 19 8
11 17 1 0
11 3 0 9
11 20 11 9
11 5 12
11 9 20 9
11 17 16 2
11 14 3
11 6 6
11 11 12 15
11 5 1
11 9 9 20
11 11 4
11 20 9 20
11 0 18 7
11 3 14 14
11 0 3 0
11 6 12 12
11 1 4 1
11 6 1 1
11 13 12 12
11 12 0 11
11 16 17
11 20 0 3
11 1 1 14
11 20 9 0
11 17 6 6
11 11 17 16
11 11 0 16
11 12 0 1
11 1
11 11 14 14
11 1 0 1
11 12 12 0
11 1 1 0
11 1 0 12
11 1 0 11
11 12 0 12
11 1 12 0
11 12 1 0
11 11 19 8
11 3 0 11
11 11 12 11
11 11 1 11
11 6 17 11
11 15 4 11
11 0 11 11
11 12 12 11
11 1 1 11
11 12 1 11
11 1 12 11
12 1 12 1
12 1 1 1
12 11 0 1
12 1 11 0
12 1
12 12 1 1
12 3 14 1
12 1 1 12
12 6 17 1
12 16 5 1
12 12 12 1
12 13 2 1
12 1 6 17
12 1 16 5
12 1 3 14
12 12 1 12
12 12 12 12
12 1 12 12
12 9 20 1
12 20 9 1
12 17 6 1
12 9 9 1
12 1 4 15
12 1 20 9
12 20 20 1
12 4 15 1
12 14 3 1
12 1 9 20
12 12 9
12 7 18 1
12 9 12
12 8 19 1
12 12 20
12 9 1
12 20 12
12 1 14 3
12 1 20 20
12 1 9 9
12 20 1
12 11 12 0
12 11 1 0
12 1 9
12 1 20
12 11 0 5
12 16 5 12
12 12 20 9
12 1 17 6
12 12 9 20
12 9 9 12
12 20 9 12
12 12 9 9
12 12 20 20
12 1 14 14
12 1 15 4
12 1 3 3
12 9 20 12
12 12 15 4
12 12 17 6
12 12 3 14
12 20 20 12
12 3 14 12
12 11 14 1
12 12 0
12 11 14 12
12 1 6 15
12 1 0
12 14 3 12
12 0 11 1
12 12 11
12 12 14
12 1 4
12 1 11
12 3 1 0
12 11 1 14
12 0 1
12 0 12
12 0 1 11
12 0 12 11
12 12 3
12 11 12 14
12 12 1 5
12 12 12 5
12 3 3 1
12 3 12 0
12 12 4
12 11 12
12 11 1
12 12 6 15
12 1 14
12 11 1 3
12 1 3
12 15 12
12 0 1 1
12 0 1 12
12 9 0 1
12 1 1 5
12 0 12 12
12 12 5
12 14 14 1
12 11 12 3
12 1 16 1
12 15 1
12 11 20 12
12 15 4 1
12 1 12 4
12 4 12 1
12 5 1 1
12 4 1
12 14 12 0
12 12 16 1
12 4 1 1
12 1 16 12
12 11 5 6
12 5 12 1
12 0 1 14
12 1 12 5
12 11 20 1
12 12 12
12 11 9 1
12 5 1 5
12 12 12 4
12 9 0 12
12 12 16 12
12 4 12 12
12 11 9 12
12 1 1 4
12 11 1 9
12 5 12 12
12 12 1
12 11 5 16
12 5 16 1
12 11 1 20
12 14 1 0
12 1 5
12 11 5 5
12 19 8 1
12 11 12 9
12 14 12 1
12 0
12 0 11
12 11 12 20
12 0 11 0
12 12 0 1
12 12 6
12 1 0 12
12 14 12 12
12 14 1 1
12 12 1 4
12 0 12 14
12 9 12 0
12 4 15 4
12 11 5
12 11 1 5
12 5 12
12 4
12 12 11 20
12 4 12
12 20 12 17
12 0 12 3
12 0 12 1
12 3 1 1
12 5 16 0
12 5 11
12 12 0 5
12 3 12 1
12 1 12 14
12 16 12
12 16 1
12 5
12 1 0 5
12 2 0 11
12 5 5
12 12 4 11
12 5 0 16
12 17 12
12 0 1 3
12 0 11 5
12 19 8 12
12 12 5 1
12 1 1
12 5 16
12 17 6 0
12 0 14 1
12 1 5 11
12 11
12 11 1 12
12 11 1 1
12 12 5 12
12 5 16 5
12 11 12 12
12 1 5 12
12 12 1 16
12 9 3 12
12 1 1 3
12 9 3 1
12 1 17 1
12 17 12 1
12 0 16
12 17 12 12
12 1 4 11
12 21 12 11
12 10 12 11
12 10 1 11
12 0 5 16
12 16 0 11
12 1 9 1
12 1 20 1
12 1 9 12
12 9 1 0
12 12 4 0
12 5 5 16
12 1 20 12
12 15 6 1
12 9 5 12
12 0 17 16
12 1 4 4
12 0 0 6
12 21 1 0
12 0 12 6
12 1 0 16
12 20 12 0
12 1 0 1
12 6 17 11
12 21 12
12 12 1 3
12 9 1 1
12 0 1 6
12 17 5 16
12 21 12 0
12 5 0 11
12 10 12 0
12 0 1 5
12 5 11 12
12 10 12
12 10 1
12 5 16 16
12 15 4 4
12 12 1 0
12 11 5 12
12 9 12 11
12 20 1 12
12 6 1 12
12 6 1 1
12 1 1 6
12 11 0 0
12 0 15 0
12 0 16 1
12 0 16 12
12 12 4 4
12 20 12 1
12 6 12 1
12 1 1 16
12 4 0 11
12 19 8 0
12 20 12 12
12 11 5 11
12 5 0 1
12 12 0 15
12 1 12 16
12 1 1 17
12 6 12 12
12 1 12 17
12 4 5 16
12 15 4 11
12 15 0 11
12 17 17 12
12 0 11 13
12 12 12 9
12 1 17 17
12 19 4 12
12 17 6 11
12 11 16
12 12 9 1
12 0 0 11
12 12 20 1
12 16 12 1
12 15 5 16
12 12 20 12
12 11 15
12 1 6 1
12 12 3 1
12 12 12 17
12 12 1 6
12 12 12 6
12 12 1 17
12 1 6 12
12 12 11 19
12 1 12 9
12 5 12 0
12 1 1 20
12 12 17 17
12 0 1 21
12 12 3 12
12 12 14 12
12 0 1 10
12 4 1 0
12 0 12 10
12 15 6
12 16 1 11
12 11 17 16
12 12 6 1
12 15 1 4
12 5 16 4
12 1 0 13
12 1 14 12
12 12 15 17
12 11 16 12
12 17 12 20
12 12 1 11
12 12 12 11
12 0 15 12
12 20 5 16
12 1 11 11
12 5 16 15
12 16 0 3
12 11 12 15
12 15 4 5
12 0 16 11
12 1 17 11
12 0 1 4
12 15 17 12
12 15 17 1
12 1 1 11
12 12 11 16
12 20 5 1
12 17 6 4
12 3 5 1
12 6 17 16
12 15 1 11
12 11 16 20
12 16 5 11
12 12 4 17
12 8 0 1
12 17 16 9
12 5 4 12
12
12 13 2 16
12 17 4 1
12 16 16 0
12 1 8 0
12 17 12 0
12 16 20
12 16 9
12 9 5 16
12 8 1
12 20 12 4
12 11 4 11
12 17 4 0
12 9 12 4
12 1 19 4
12 12 19 4
12 15 15 12
12 13 5
12 9 12 15
12 9 1 15
12 16 16 11
12 4 11 12
12 11 15 12
12 12 3 5
12 16 12 16
12 4 0 12
12 20 12 6
12 16 2
12 17 1 11
12 12 16 14
12 4 4 12
12 6 6 12
12 6 4 1
12 6 5 12
12 5 11 4
12 16 20 0
12 3 0 5
12 8 19 4
12 0 16 14
12 16 14 1
12 6 5 1
12 4 12 9
12 11 14 5
12 8 12
12 4 0
12 16 4
12 12 16 17
12 11 19 1
12 16 9 0
12 16 17 1
12 12 11 6
12 11 19 12
12 1 16 17
12 6 12 14
12 15 17
12 11 0 16
12 16 0 16
12 4 15 15
12 12 2 11
12 12 19
12 14 11 5
12 11 12 21
12 1 9 5
12 6 1 14
12 17 1 9
12 16 20 20
12 12 8 0
12 0 16 4
12 16 20 9
12 17 1 3
12 12 15 8
12 15 16 12
12 11 12 10
12 0 5 5
12 12 20 5
12 1 6 5
12 1 21
12 12 10
12 12 6 5
12 1 19
12 11 6 1
12 1 2 11
12 11 16 1
12 16 12 12
12 3 5 0
12 1 17 4
12 15 12 20
12 15 1 9
12 1 20 14
12 11 1 10
12 3 12 17
12 13 2 4
12 3 11 12
12 5 6 0
12 4 0 1
12 20 0 1
12 1 5 1
12 11 5 1
12 12 15 15
12 17 16 0
12 16 0 0
12 1 1 0
12 5 11 17
12 0 16 16
12 12 16 11
12 1 6 4
12 14 12 6
12 12 16 9
12 11 1 6
12 6 12 11
12 13 2 5
12 12 16 20
12 17 0 12
12 1 16 9
12 12 5 11
12 1 16 20
12 0 1 17
12 0 15 4
12 2 13 12
12 0 12 17
12 1 11 16
12 14 1 12
12 12 17
12 16 11 1
12 12 14 9
12 15 11 12
12 9 9 5
12 9 20 5
12 20 1 11
12 0 16 9
12 15 4
12 1 0 15
12 12 6 0
12 0 6 12
12 5 1 11
12 15 11 1
12 20 9 5
12 12 15 12
12 14 5 11
12 12 9 3
12 12 20 3
12 1 5 0
12 0 12 9
12 14 9 12
12 3 20 1
12 3 9 1
12 2 13 1
12 3 5 11
12 1 15 12
12 20 12 11
12 12 15 1
12 11 11 1
12 1 6 11
12 16 0 1
12 11 1 11
12 11 17 1
12 14 20 1
12 14 20 12
12 1 15 1
12 6 11 12
12 6 12 0
12 1 9 3
12 20 14 1
12 6 17 4
12 0 5 12
12 1 11 17
12 0 12 16
12 11 12 5
12 12 4 12
12 0 17 12
12 6 1 0
12 5 0
12 12 0 14
12 12 0 17
12 20 5 11
12 11 9 5
12 5 1
12 12 17 11
12 0 5 1
12 1 11 3
12 5 16 9
12 5 16 20
12 19 1
12 1 9 11
12 12 3 11
12 12 12 16
12 12 11 17
12 11 3 12
12 16 0 12
12 12 0 16
12 1 0 6
12 1 4 12
12 12 12 14
12 21 10 1
12 11 0 15
12 1 3 11
12 2 11 12
12 10 21 1
12 12 1 14
12 6 0 12
12 12 12 3
12 6 0 1
12 6 1
12 12 9 11
12 5 12 5
12 12 18 7
12 12 0 12
12 1 4 0
12 0 1 16
12 1 12
12 1 17
12 3 14 5
12 6 15 1
12 13 19 1
12 1 15 16
12 9 1 4
12 4 1 20
12 1 14 11
12 6 4 12
12 16 20 1
12 11 1 21
12 0 16 3
12 15 12 9
12 14 12 11
12 12 6 4
12 11 0 4
12 1 1 15
12 1 6 0
12 20 20 5
12 11 11 5
12 0 1 20
12 14 11 12
12 12 12 15
12 12 0 6
12 11 1 17
12 5 1 12
12 15 1 12
12 1 18 7
12 0 3 12
12 1 3 5
12 14 1
12 12 15
12 5 16 12
12 1 12 3
12 20 1 0
12 1 0 20
12 12 11 14
12 1 15
12 20 1 17
12 15 4 12
12 16 0
12 3 1 12
12 6 1 9
12 16 11
12 4 1 15
12 15 12 15
12 16 9 1
12 20 0 12
12 1 19 8
12 12 0 9
12 12 0 20
12 1 11 14
12 12 20 0
12 0 20 1
12 1 0 3
12 14 11 1
12 12 11 9
12 12 9 0
12 0 3 1
12 12 14 11
12 17 1
12 0 11 15
12 0 9 1
12 1 9 0
12 1 4 1
12 14 12
12 9 1 11
12 16 5 4
12 0 14 12
12 18 7 12
12 3 1 11
12 0 0 16
12 11 20 5
12 1 2 13
12 1 11 20
12 17 1 1
12 1 20 0
12 6 0 16
12 5 16 11
12 21 1 11
12 1 5 16
12 11 5 0
12 15 6 12
12 10 1 0
12 5 11 1
12 5 11 16
12 20 1 1
12 9 12 1
12 12 6 6
12 9 12 12
12 1 12 6
12 12 16 0
12 0 11 11
12 12 12 20
12 5 16 17
12 0 5
12 1 16
12 12 1 9
12 17 17 1
12 0 15
12 2 13 4
12 0 11 16
12 12 9 12
12 19 8
12 1 17 0
12 12 15 6
12 12 11 15
12 5 6 1
12 12 5 0
12 6 11 11
12 9 5 6
12 1 1 9
12 0 12 4
12 16 1 1
12 17 1 20
12 1 11 15
12 15 12 4
12 20 12 15
12 6 5 16
12 4 11
12 6 12 9
12 16
12 16 1 12
12 4 12 0
12 15 15 11
12 1 11 5
12 11 16 11
12 8 2 1
12 6 12 20
12 20 1 6
12 12 8
12 0 15 6
12 1 15 15
12 0 4 12
12 16 3 0
12 17 1 0
12 8 0 12
12 4 11 1
12 9 12 6
12 17 16 20
12 16 11 16
12 17 12 11
12 15 15 1
12 3 5
12 11 15 6
12 20 5 6
12 1 16 14
12 15 5
12 6 4
12 4 12 20
12 1 20 5
12 4 1 9
12 16 20 12
12 9 5
12 6 6 1
12 16 9 20
12 16 9 9
12 15 16 1
12 20 5
12 17 12 3
12 12 21
12 1 14 1
12 12 9 5
12 1 8
12 15 1 20
12 3 1 17
12 12 17 1
12 12 17 12
12 15 12 11
12 1 3 12
12 4 4 1
12 20 1 15
12 12 14 20
12 0 13 12
12 14 1 6
12 1 3 1
12 11 12 6
12 0 13 1
12 12 12 0
12 1 15 6
12 12 11 11
12 9 14 1
12 17 16
12 6 1 11
12 1 14 9
12 5 11 6
12 0 16 20
12 20 11 1
12 5 5 1
12 11 12 17
12 0 12 20
12 16 1 0
12 20 14 12
12 5 5 11
12 0 17 1
12 11 17 12
12 14 9 1
12 12 11 3
12 12 6 11
12 1 20 3
12 0 16 0
12 1 14 0
12 0 0 12
12 1 6
12 17 11 1
12 20 11 12
12 11 12 11
12 17 11 12
12 20 3 1
12 1 17 12
12 1 20 11
12 6 12
12 14 1 11
12 20 5 12
12 11 19 8
12 2 11 1
12 10 10 1
12 21 21 1
12 0 20 12
12 11 0 11
12 12 16
12 19 4 1
12 3 5 12
12 9 1 6
12 1 0 0
12 12 17 4
12 0 9 12
12 15 12 12
12 0 11 4
12 1 12 15
12 1 10
12 12 4 1
12 9 1 17
12 15
12 12 3 0
12 12 19 8
12 11 16 0
12 15 1 1
12 16 5 16
12 16 1 16
12 1 0 9
12 15 12 1
12 1 1 14
12 0 5 11
12 1 11 12
12 1 3 0
12 12 11 1
12 12 4 15
12 6 17 12
12 19 12
12 0 0 17
12 0 0 1
12 1 6 6
12 0 11 17
12 21 1
12 12 2 13
12 5 0 12
12 9 1 12
12 12 1 20
12 17 11 11
12 1 12 20
12 5 16 6
12 1 11 19
12 16 12 11
12 6 1 20
12 12 6 12
12 0 15 1
12 17 4 11
12 15 8 1
12 1 15 11
12 17 16 1
12 16 14 12
12 11 15 1
12 1 15 8
12 11 1 15
12 1 12 11
12 16 14
12 17 4
12 3 11 1
12 16 16 1
12 16 17 12
12 1 16 11
12 11 12 16
12 17 4 12
12 1 15 17
12 12 11 5
12 16 9 12
12 15 8 12
12 5 1 0
12 9 11 12
12 5 6 11
12 16 11 12
12 0 6 1
12 0 5 0
12 14 0 12
12 0 1 9
12 12 14 0
12 5 11 11
12 9 5 11
12 20 3 12
12 11 11 12
12 5 6
12 14 0 1
12 11 3 1
12 1 11 6
12 12 0 13
12 0 4 4
12 17 12 9
12 9 5 1
12 11 1 16
12 9 5 0
12 12 17 0
12 12 1 15
12 17 0 1
12 15 4 15
12 0 12 0
12 4 1 12
12 18 7 1
12 3 0 12
12 3 12 12
12 12 11 12
12 0 1 0
12 11 12 1
12 1 11 1
12 17 1 12
12 9 11 1
12 12 0 0
12 20 1 4
12 3 0 1
12 16 12 0
12 5 12 11
12 12 16 5
12 12 20 11
12 17 6 12
12 9 12 17
12 12 5 16
12 3 12
12 3 12 11
12 1 16 0
12 0 12 5
12 1 12 0
12 16 16
12 11 16 14
12 13 2 15
12 0 12 21
12 16 17 16
12 15 1 15
12 3 9 12
12 1 0 17
12 6 11 1
12 1 0 14
12 17 0 16
12 1 11 9
12 12 0 3
12 12 3 3
12 12 14 1
12 11 6 12
12 1 14 20
12 12 14 14
12 3 1
12 12 6 17
12 12 14 3
12 3 3 12
12 14 14 12
12 0 11 12
12 1 0 11
12 12 0 11
12 12 11 0
12 11 0 12
13 13 17 6
13 13 2 13
13 13 5 16
13 13 15 4
13 13 6 17
13 0 11 13
13 13 19 8
13 17 6
13 5 16 13
13 13 8 19
13 11 17 6
13 4 13 17
13 13 4 17
13 13 6
13 6 13 17
13 13 5 13
13 13 17
13 5 16 17
13 13 6 15
13 15 13 6
13 13 17 11
13 13 1 12
13 0 11 12
13 0 11 1
13 13 17 15
13 13 6 6
13 17 13 6
13 17 8 6
13 0 5 16
13 0 13
13 11 6 6
13 4 11 17
13 11 6
13 15 4
13 1 16
13 12 16
13 11 12 1
13 11 1 1
13 0 0 13
13 13 8 6
13 0 15 4
13 15 5 16
13 11 1 12
13 11 12 12
13 11 4
13 0 13 6
13 11 16 5
13 0 17 6
13 17 17 6
13 11 11 13
13 19 8
13 8
13 12 12 8
13 12 1 8
13 1 1 8
13 1 12 8
13 11 19 8
13 2 13 8
13 17 6 17
13 0 17 16
13 13 19
13 13 8
13 17 6 8
13 13 6 2
13 13 17 8
13 11 11 6
13 17 6 19
13 13 16 19
13 15 4 8
13 16 13
13 0 4 19
13 2 13 6
13 6 19 17
13 13 13 17
13 16 19 8
13 13 11 15
13 13 8 8
13 13 19 19
13 17 6 4
13 0 11 16
13 13 8 5
13 13 11 17
13 17 6 6
13 13 17 19
13 11 17 4
13 11 5 6
13 13 6 0
13 8 19 8
13 6 17 8
13 16 2 13
13 5 13
13 13 4 0
13 13 19 17
13 13 8 17
13 13 6 19
13 17 6 11
13 5 16 15
13 0 11 4
13 13 4 6
13 13 6 8
13 5 16 6
13 11 13 6
13 0 11 17
13 0 13 17
13 11 13 17
13 13 2 16
13 11 5 16
13 13 1 1
13 13 17 17
13 13 12 12
13 13 0 6
13 13 12 1
13 11 13
13 13 19 6
13 13 4 15
13 5 16
13 11 0 13
14 3 14 3
14 3 3 3
14 12 1 3
14 0 11 0
14 3
14 1 12 3
14 3 12 1
14 14 3 14
14 12 12 3
14 14 3 3
14 3 1 12
14 1 1 3
14 3 3 14
14 3 12 12
14 3 1 1
14 12 1 14
14 14 1 12
14 14 14 3
14 0 3 14
14 14 1 1
14 14 14
14 14 12 12
14 14 12 1
14 12 12 14
14 1 1 14
14 1 12 14
14 0 11 14
14 3 14 14
14 14 3
14 0 1 12
14 14 14 14
14 3 14
14 12 11 12
14 1 1 12
14 1 12 12
14 1 12 1
14 1 1 1
14 12 1 12
14 12 12 12
14 12 12 1
14 12 1 1
14 12 11 1
14 3 3
14 0 12 1
14 0 12 12
14 12 1 0
14 1 12 0
14 1 11 12
14 12 12 0
14 11 0 0
14 1 1 0
14 1 11 1
14 0 1 1
14 11 0 11
14 0 11
14 0 0 11
14 1 12 11
14 1 1 11
14 1 0 1
14 12 1 11
14 12 12 11
14 12 1 20
14 1 0 12
14 0 11 11
14 1 1 20
14 12 1 9
14 1 1 9
14 12 12 20
14 12 0 1
14 5 16 0
14 1 12 20
14 0 0
14 12 12 9
14 12 0 12
14 1 12 9
14 11 3 11
14 0 14 11
14 11 5 16
14 11 14 3
14 14 0
14 0 0 0
14 14 11 14
14 11 3 14
14 0 14
14 20 14
14 9 14
14 0 9
14 0 20
14 14 5 16
14 9 12 1
14 11 14
14 3 5 16
14 9 12 12
14 5 1 12
14 5 1 1
14 20 9
14 20 9 20
14 5 12 12
14 5 12 1
14 11 14 11
14 0 14 3
14 5 16
14 20 20
14 11 20
14 0 0 3
14 11 9
14 9 0
14 20 0
14 3 0 3
14 5 1
14 5 12
14 20 9 9
14 9 9
14 0 3
14 9 20 11
14 11 14 0
14 11 0 20
14 11 11
14 14 11 11
14 11 20 0
14 9 20
14 9 0 9
14 11 0 9
14 11 9 0
14 9 0 20
14 5 16 20
14 20 0 9
14 3 3 0
14 20
14 9 20 3
14 9 9 3
14 5 16 11
14 9
14 20 20 3
14 20 9 3
14 11 14 14
14 4 15 3
14 18 7 3
14 15 4 3
14 12 17 1
14 1 17 1
14 20 0 20
14 12 17 12
14 1 17 12
14 0 12 16
14 20 0 0
14 3 14 11
14 5 0 12
14 14 14 0
14 14 0 14
14 5 0 1
14 0 1 16
14 9 0 0
14 3 0
14 3 0 14
14 0 20 0
14 0 3 3
14 0 9 0
14 11 20 11
14 11 9 11
14 9 0 11
14 14 0 0
14 5 16 3
14 3 14 0
14 14 0 3
14 14 11 3
14 3 0 0
14 1 0 16
14 20 20 0
14 9 9 0
14 9 20 0
14 0 11 20
14 20 9 0
14 0 11 9
14 12 0 16
14 5 11 12
14 5 11 1
14 11 0 3
14 20 0 11
14 14 14 11
14 11
14 14 11
14 12 16 0
14 1 16 0
14 21 10 3
14 21 21 3
14 10 21 3
14 10 10 3
14 14 3 0
14 12 12
14 14 3 11
14 1 12
14 1 1
14 12 1
14 11 12 12
14 11 1 1
14 11 12 1
14 11 1 12
14 3 0 11
14 0
14 0 11 3
14 14 0 11
15 0 11 15
15 11 15 15
15 4 0 15
15 17 6 15
15 2 13 15
15 15 4 15
15 11 15
15 6 17 15
15 15 6 17
15 11 15 0
15 8 19 15
15 0 15
15 0 0 11
15 0 11 11
15 0 11 0
15 4 0 11
15 12 12 12
15 0 11
15 1 12 12
15 12 12 1
15 12 1 1
15 1 1 12
15 0 11 4
15 1 12 1
15 1 1 1
15 12 1 12
15 11 15 4
15 11 5 16
15 11 0
15 5 16 15
15 12 1
15 0 15 15
15 0 11 17
15 1
15 1 4 1
15 1 1
15 15 15 4
15 12
15 12 4 12
15 15 17 6
15 1 4 12
15 12 12
15 1 12
15 12 4 1
15 0 15 4
15 0 15 11
15 0 0 15
15 15 2 13
15 2 0 11
15 0 12
15 0 1
15 5 16 4
15 11 12 1
15 0 11 12
15 5 16
15 12 0 11
15 6 0 11
15 0 11 1
15 11 15 17
15 11 1 12
15 4 5 16
15 12 1 0
15 12 12 0
15 11 18 7
15 1 0 1
15 1 0 12
15 11 11 0
15 0 1 12
15 6 2 13
15 17 2 13
15 11 12 17
15 1 5 16
15 5 16 13
15 1 6
15 12 6
15 19 8 15
15 12 1 17
15 1 16
15 2 0 15
15 11 11 15
15 15 4 12
15 15 4 1
15 12 12 17
15 11 0 12
15 12 9 12
15 13 2 1
15 12 1 6
15 1 9 12
15 1 12 6
15 1 1 6
15 5 0 11
15 1 20 12
15 11 1 1
15 1 12 19
15 12 12 6
15 4 1 0
15 1 20 1
15 0 15 6
15 18 7 11
15 12 0 4
15 5 0 15
15 12 15
15 1 1 4
15 4 15 1
15 5 11
15 11 12 15
15 11 1 15
15 0 2 13
15 13 15
15 12 12 4
15 4 1 1
15 12 15 12
15 5 16 17
15 1 0 4
15 15 17 8
15 4 1 12
15 11 17 0
15 2 11 17
15 0 1 17
15 15 6
15 1 1 17
15 17 12 12
15 17 1 12
15 12 17
15 1 17
15 12 5 16
15 11 11 17
15 0 17 4
15 0 1 1
15 19 2 0
15 12 0 15
15 17 4 11
15 12 12 5
15 5 16 12
15 1 15
15 17 17
15 2 11
15 17 15
15 12 0 12
15 12 1 15
15 1 1 15
15 15 1 12
15 12 12 15
15 1 12 15
15 11 13 15
15 0 12 1
15 15 12 12
15 5 16 0
15 5 16 11
15 1 0 11
15 0 12 12
15 4 12 0
15 0 19 8
15 11 12 11
15 11 4 17
15 4 15 15
15 4 0 17
15 11 5 11
15 12 1 5
15 11 12 12
15 13 17 2
15 15 12 1
15 12 16
15 0 11 16
15 4 11 15
15 15 0 11
15 1 1 19
15 19 6
15 12 15 1
15 12 20 12
15 12 9 1
15 11 17 2
15 11 1 11
15 1 9 1
15 4 12 12
15 12 12 19
15 0 6 15
15 2 17 6
15 4 15 12
15 13 5 16
15 12 1 4
15 1 12 17
15 11 4 5
15 0 17
15 15 17
15 12 0 1
15 15 1 1
15 11 12
15 11 0 15
15 11 1
15 11 19 8
15 12 1 19
15 19 8
15 0 12 17
15 11 0 1
15 12 20 1
15 6 5 16
15 11 17
15 4 12 1
15 1 12 4
15 17 11 15
15 2 15
15 6 15
15 5 4 11
15 15 19 6
15 0 5 16
15 11 1 17
15 1 0 15
15 11 19 6
15 11 16 15
15 5 16 1
15 13 2 12
16 16 0 11
16 16 11
16 16 2 13
16 16 0
16 16 5 16
16 16 1 12
16 16 17 6
16 16 12 1
16 16 1 1
16 16 17
16 16 19 8
16 0 11 16
16 16 6
16 16 12 12
16 16 5 11
16 16 5 12
16 16 11 11
16 16 0 15
16 16 5 6
16 16 9
16 11 1 11
16 16 17 11
16 16 0 0
16 16 13 2
16 16 4
16 16 15 4
16 16 20
16 11 12 11
16 6 17 16
16 6 0 11
16 16 0 4
16 16 16 0
16 16 15
16 6 11
16 16 2
16 11 5 16
16 16 0 16
16 11 0 12
16 17 6 16
16 1 11
16 16 0 17
16 16 6 17
16 16 17 12
16 16 12
16 11 1
16 16 13
16 16 4 11
16 16 1
16 12 11
16 16 6 11
16 16 2 11
16 11 12
16 1 1 16
16 16 6 0
16 16 0 6
16 16 16 5
16 16 20 9
16 16 17 2
16 16 9 20
16 6 17 5
16 16 20 20
16 12 12 16
16 16 16 11
16 16 9 9
16 16 1 0
16 1 12 1
16 12 5 16
16 16 11 17
16 16 0 13
16 16 3
16 16 15 0
16 16 3 14
16 16 15 12
16 16 15 1
16 16 15 15
16 16 12 0
16 16 5 1
16 16 4 0
16 1 12 16
16 16 11 12
16 16 11 16
16 16 11 1
16 11 0 6
16 16 17 0
16 16 1 16
16 11 0 11
16 12 1 11
16 6 1 11
16 16 18 7
16 16 20 11
16 16 12 16
16 12 1
16 16 16 12
16 16 9 11
16 16 16 1
16 16 11 6
16 1 1 1
16 12 11 1
16 16 15 11
16 1 11 1
16 12 11 11
16 16 14
16 12 12 1
16 16 17 1
16 1 11 12
16 12 11 12
16 1 1
16 1 1 11
16 12 12
16 11 11
16 6 1
16 1 11 11
16 5 6 11
16 11 16 0
16 1 12
16 16 3 11
16 16 4 12
16 16 4 1
16 0 5 16
16 12 12 11
16 11 6 12
16 16 14 14
16 11 6 1
16 11 11 1
16 16 3 3
16 1 11 20
16 6 12
16 12 15
16 12 11 20
16 1 14 11
16 11 6
16 11 17 12
16 12 14 11
16 16 0 3
16 1 15
16 1 11 9
16 16 11 9
16 11 16 1
16 11 11 12
16 16 17 15
16 12 11 9
16 16 4 13
16 16 11 20
16 12 1 6
16 16 14 0
16 11 0 5
16 16 16 9
16 5 16 1
16 16 16 20
16 16 16 6
16 11 12 20
16 11 1 20
16 5 6 6
16 11 16 12
16 5 16 12
16 11 4 11
16 6 12 11
16 0 6 6
16 5 11 1
16 1 5
16 11 12 5
16 16 4 6
16 6 11 12
16 11 1 5
16 5 11 12
16 6 12 20
16 6 1 9
16 16 5 0
16 5 16 9
16 0 12 1
16 4 11 4
16 0 1 12
16 0 12 12
16 11 16 20
16 12 0 12
16 5 17 6
16 1 0 12
16 4 12 12
16 1 11 5
16 1 0 1
16 6 6
16 12 11 14
16 0 11 5
16 1 11 14
16 1 5 0
16 17 6 5
16 11 17 5
16 6 6 5
16 12 1 3
16 12 12 3
16 16 6 12
16 12 11 5
16 17 6 8
16 1 12 9
16 12 12 9
16 1 12 20
16 6 0 17
16 2 13 8
16 12 5 0
16 1 1 20
16 0 6 11
16 0 11 15
16 0 16 0
16 17 6
16 16 9 1
16 16 1 17
16 16 20 3
16 0 5 1
16 12 20
16 17 0 11
16 18 7
16 7 11
16 16 12 17
16 11 6 11
16 11 1 12
16 6 2 11
16 0 1 3
16 6 5
16 11 12 1
16 0 12 3
16 16 12 20
16 16 12 9
16 16 1 20
16 4 15 11
16 6 17 17
16 11 1 1
16 16 15 2
16 16 17 4
16 12 20 20
16 6 1 20
16 1 0 5
16 12 0 5
16 16 13 4
16 1 9 9
16 1 20 20
16 11 1 3
16 11 12 3
16 12 5
16 16 17 17
16 6 0
16 0 1 1
16 16 15 6
16 12 1 0
16 5 16 20
16 16 6 16
16 12 12 0
16 17 6 11
16 6 11 1
16 0 11 13
16 17 5 16
16 16 6 1
16 17 6 0
16 16 20 12
16 15 4 6
16 6 0 1
16 0 16 9
16 1 9
16 16 6 6
16 16 9 5
16 1 3
16 6 11 5
16 16 11 3
16 1 1 0
16 1 12 0
16 11 5
16 0 0 11
16 16 1 9
16 0 13 16
16 12 0
16 11 17 1
16 12 1 5
16 11 0 0
16 13 2 0
16 5 1 0
16 12 1 20
16 12 1 9
16 13 2 12
16 12 5 6
16 16 0 14
16 16 20 1
16 12 20 9
16 1 9 20
16 6 11 13
16 6 5 12
16 16 2 15
16 6 12 9
16 1 13
16 5 16 11
16 16 9 12
16 6 0 12
16 13 2
16 0 12 9
16 5 6 0
16 16 20 5
16 12 0 1
16 4 12 1
16 0 15 4
16 1 1 3
16 1 12 3
16 6 0 5
16 12 12 20
16 1 0
16 12 12 5
16 11 12 14
16 12 3
16 12 1 1
16 11 1 14
16 5 12 0
16 12 9
16 1 20
16 6 11 11
16 0 5 12
16 16 14 9
16 0 0
16 6 17
16 0 1 0
16 11 12 12
16 5
16 4 15 6
16 12 9 9
16 12 9 20
16 16 5 5
16 5 16 17
16 16 13 17
16 1 20 9
16 0 1 9
16 11 12 9
16 16 6 2
16 6 17 0
16 1 1 9
16 0 12 0
16 0 11 4
16 2 11 16
16 1 1 5
16 0 1
16 1 12 5
16 5 11 17
16 13 2 1
16 16 16
16 16 20 0
16 11 4
16 0 16
16 0 16 1
16 0 16 12
16 16 14 11
16 5 16 0
16 6 17 8
16 5 1
16 5 1 11
16 12 13
16 16 11 13
16 11 16
16 16 12 15
16 12 12 6
16 16 1 15
16 11 1 9
16 11 16 11
16 16 0 20
16 13 19 8
16 5 12 11
16 11 0
16 5 12
16 5 11
16 5 16
16 11 5 6
16 5 6
16 16 9 0
16 6 17 1
16 0 12
16 16 11 4
16 1 1 6
16 1 12 6
16 16 0 9
16 1 12 12
16 12 1 12
16 12 12 12
16 0
16 16 11 15
16 16 5
16 1 5 1
16 16 4 4
16 0 1 11
16 16 1 11
16 16 17 5
16 12 5 1
16 16 13 6
16 16 2 0
16 1 5 12
16 0 12 11
16 16 12 6
16 0 11 6
16 1 0 11
16 0 11 1
16 16 1 5
16 16 0 5
16 0 16 11
16 16 1 6
16 16 12 5
16 6
16 12 5 12
16 13 2 11
16 12 0 11
16 16 1 4
16 1 1 12
16 16 12 4
16 6 17 12
16 1
16 16 5 17
16 16 11 5
16 11 12 0
16 11 5 1
16 11 11 11
16 11 1 0
16 0 11 12
16 6 5 11
16 1 5 11
16 0 11
16 11 5 12
16 16 12 11
16 1 12 11
16 12
16 6 17 6
16 12 5 11
16 6 17 11
16 11 0 1
16 13 2 13
16 16 0 12
16 11
16 0 11 11
16 16 0 1
16 1 5 16
16 11 5 11
16 12 1 16
16 5 16 16
16 6 5 16
16 16 17 16
17 17 6 17
17 2 13 17
17 0 11 17
17 6 17 17
17 15 4 17
17 17 17 6
17 17 15 4
17 5 16 17
17 0 11 15
17 13 17
17 11 17 0
17 17 0 11
17 19 8 17
17 17 4 15
17 6 17
17 17 16 5
17 1 12 17
17 11 17
17 12 1 17
17 12 12 17
17 1 1 17
17 17 11 0
17 0 13 17
17 17 8 19
17 17 12 1
17 8 19 17
17 17 1 12
17 17 1 1
17 17 12 12
17 17 2 13
17 6 2 17
17 0 0 11
17 17 17
17 2 17
17 0 11 0
17 0 17
17 0 12 1
17 0 12 12
17 0 1 12
17 0 1 1
17 0 11 11
17 2 13
17 0 0 0
17 2 11 17
17 0 0
17 0 11
17 0 11 12
17 1 1 12
17 1 12 1
17 12 1 12
17 1 1 1
17 1 12 12
17 12 1 1
17 11 17 17
17 0 17 6
17 0 5 16
17 6 0 17
17 12 12 12
17 12 12 1
17 6 17 6
17 12 0 12
17 12 0 1
17 0 17 11
17 1 0 12
17 1 0 1
17 0 17 0
17 6 2 13
17 11 0
17 11 17 6
17 0 11 6
17 2 0 13
17 2 13 6
17 6 0 11
17 0 6
17 6 0
17 2 13 0
17 0 13 15
17 6 17 0
17 12 1 11
17 2 11 13
17 2 11
17 13 17 2
17 12 12 11
17 1 1 11
17 0 11 13
17 12 0 0
17 1 12 11
17 2 13 19
17 13 17 6
17 1 0 0
17 4 0 15
17 17 6 0
17 17 17 8
17 11 5 16
17 16 5 16
17 0 6 17
17 11 12 1
17 11 12 12
17 17 17 17
17 12 5 16
17 1 5 16
17 11 1 1
17 11 1 12
17 1 11 5
17 5 6 17
17 1 12 0
17 12 1 0
17 11 5
17 1 1 0
17 12 12 0
17 11 6 17
17 11 17 11
17 19 6
17 17 0 6
17 2 0 17
17 2 11 11
17 5
17 2 13 8
17 19 8
17 6 1 12
17 1 11 12
17 6 1 1
17 6 12 12
17 6 12 1
17 1 11 1
17 1 5
17 12 11 12
17 0 5
17 12 11 1
17 2 5 16
17 0 17 17
17 2 17 13
17 6 17 19
17 17 6 6
17 1 12 6
17 13 17 17
17 17 6 11
17 0 0 17
17 13 6 17
17 19 17 8
17 17 0 0
17 5 16 11
17 17 17 11
17 11 11
17 12 12 6
17 12 1 6
17 5 16 12
17 12 5
17 1 1 6
17 17 11
17 2 13 4
17 6 17 8
17 12 0 15
17 5 16 1
17 1 0 15
17 16 0 11
17 19 17 6
17 12 1
17 19 2 13
17 5 6
17 1 9 1
17 19
17 17 5
17 1 20 1
17 11 11 1
17 12 9 1
17 12 20 1
17 11 11 12
17 11 13 17
17 11 12 5
17 8 17 6
17 12 5 11
17 6 11 17
17 5 16 16
17 12 11 5
17 11 5 11
17 4 1
17 4 12
17 0 16 1
17 11 15
17 16 5 17
17 2 17 6
17 1 14 1
17 12 14 1
17 6 2 11
17 11 5 5
17 1 5 11
17 1 1 15
17 6 15
17 8 17
17 0 16 16
17 1 14 12
17 12 14 12
17 17 19
17 0 11 4
17 2 11 6
17 15 4
17 12 12
17 16 19 17
17 11 11 5
17 17 6 8
17 17 16
17 15 2 13
17 17 8 5
17 4 15
17 6 5 16
17 5 16 4
17 12 12 15
17 8 2 13
17 12 1 15
17 4 2 17
17 11 0 5
17 1 12 15
17 6 17 16
17 5 16 6
17 2 17 8
17 6 5 5
17 11 17 16
17 8 19 8
17 5 5 17
17 1 1
17 5 16 15
17 5 17
17 5 5
17 16 17
17 8 8 17
17 17 6 5
17 19 17
17 11 13 5
17 8 19 19
17 0 15
17 4 19
17 8 17 13
17 11 1 5
17 5 11
17 11 15 15
17 1 15
17 12 15
17 12 11 15
17 1 11 15
17 17 16 17
17 8 17 19
17 15 0 15
17 17 16 19
17 4 12 1
17 4 1 1
17 8 5 17
17 2 2 13
17 4 12 12
17 4 1 12
17 17 6 13
17 13 15 17
17 11 2 17
17 19 19
17 8 11 17
17 19 19 17
17 13 0 17
17 0 2 13
17 4 11 19
17 4 15 19
17 8 0 19
17 13 17 19
17 8 17 17
17 17 19 17
17 17 2 17
17 2 17 17
17 6 8 17
17 0 19 17
17 12 20 12
17 15 1 1
17 8 6 17
17 12 9 12
17 5 5 6
17 15 1 12
17 0 15 11
17 1 20 12
17 16 11 17
17 1 9 12
17 11 11 17
17 6 19 17
17 5 0 11
17 17 11 17
17 1 12
17 6 5
17 17 17 5
17 15 6
17 0 16 12
17 0 0 15
17 19 17 2
17 19 17 17
17 1 12 5
17 16 16 17
17 17 16 6
17 5 16 13
17 5 16 0
17 5 0 6
17 17 0 17
17 0 17 5
17 1 1 5
17 6 19
17 8
17 12 12 5
17 1 20 5
17 6 13 17
17 12 20 5
17 5 12 12
17 0 15 13
17 0 5 5
17 5 1 12
17 5 1 1
17 12 1 5
17 0 12 5
17 12 9 5
17 19 2 17
17 6 6 17
17 2 15 13
17 11 5 0
17 0 1 5
17 1 9 5
17 13 8 17
17 17 19 6
17 2 11 5
17 0 5 17
17 6 5 0
17 5 12 1
17 5 16
17 17 8
17 18 7 0
17 4 15 17
17 17 6
17 15 4 0
17 17 0
17 0 11 5
17 17 11 11
17 17 5 16
17 5 16 5
18 0 11 18
18 18 7 18
18 19 8 18
18 11 18
18 5 16 18
18 0 18
18 11 5
18 11 11 18
18 11 11 19
18 0 0 18
18 16 18
18 11 19
18 0 6 18
18 17 11 18
18 15 0 18
18 5 18
18 12 12 18
18 12 1 18
18 11 4 18
18 1 12 18
18 1 1 18
18 0 15 18
18 4 11 18
18 18 11 11
18 18 0 0
19 5 16 19
19 0 1 12
19 0 12 12
19 0 12 1
19 0 1 1
19 18 7 19
19 19 8 19
19 19 6 17
19 0 11 19
19 17 6 19
19 19 15 4
19 2 13 19
19 2 13 17
19 1 12
19 12 1
19 1 1
19 12 12
19 2 13
19 19 17 6
19 0 19 6
19 19 2 13
19 17 6
19 2
19 6 19 17
19 5 17 6
19 0 19
19 5 6 17
19 11 19
19 12 1 19
19 6 2 13
19 2 13 6
19 1 1 19
19 6 17 17
19 12 12 19
19 11 19 17
19 6 17 6
19 1 12 19
19 17 19
19 6 19
19 0 0 18
19 11 17 6
19 17 2 13
19 5 13 19
19 2 19
19 6
19 6 2 17
19 12 12 15
19 12 1 15
19 1 19
19 12 19
19 13 19
19 17 17
19 1 12 15
19 1 1 15
19 2 13 8
19 17 13 6
19 15 4 19
19 0 18
19 8 2 13
19 4 15 17
19 0 15 17
19 17 6 13
19 4 11 19
19 8 19 17
19 0 0 19
19 15 19
19 5 2 13
19 15 17
19 17 19 6
19 0 13 19
19 4 0 19
19 1 11 19
19 12 11 19
19 11 15 19
19 11 11 19
19 2 11 19
19 0 1 19
19 0 12 19
19 0 15 19
19 17 17 6
19 17 6 6
19 15 11 13
19 17
19 4 19
19 8 17 6
19 8 17
19 17 6 8
19 6 17
19 2 16 19
19 17 8
20 9 20 9
20 9 9 9
20 11 0 9
20 12 1 9
20 1 12 9
20 9 1 12
20 9 12 1
20 1 1 9
20 12 12 9
20 9 12 12
20 9 1 1
20 9
20 12 12
20 1 12
20 12 1
20 1 1
20 20 12 1
20 20 12 12
20 20 1 12
20 20 1 1
20 12 1 20
20 1 1 20
20 12 1 1
20 1 12 1
20 12 1 12
20 1 1 1
20 12 12 1
20 1 12 12
20 12 12 12
20 1 1 12
20 9 11 9
20 0 0 11
20 0 11 11
20 5 11 1
20 5 11 12
20 9 11 20
20 20 11 9
20 12 1 3
20 12 12 3
20 1 0 16
20 12 1 14
20 14 3
20 0 0
20 0 9 9
20 12 0 16
20 12 12 14
20 5 16
20 0 9 0
20 1 1 14
20 20 11 20
20 11 9 9
20 20 9
20 9 9
20 0 20 9
20 1 12 14
20 11 20 9
20 11 9 20
20 5 16 12
20 9 3
20 5 16 1
20 12 5 16
20 11 9
20 11 20 20
20 11 20
20 11 5 16
20 11 9 11
20 0 9 20
20 5 5 16
20 0 20
20 20 3
20 0 1 16
20 9 9 20
20 0 0 20
20 0 0 9
20 0 20 20
20 0 9
20 1 5 16
20 9 0 0
20 9 20
20 0 14
20 0 11 3
20 0 3 11
20 0 12 16
20 0 14 0
20 5 1 12
20 5 12 12
20 20 0 0
20 5 1 1
20 11 11
20 0 12 12
20 12 17 16
20 1 17 16
20 12 0 1
20 0 3
20 0 1 12
20 9 11 11
20 5 12 1
20 14 3 11
20 14 11 11
20 20 11 11
20 5 1
20 3 0
20 1 0 12
20 20 9 11
20 5 12
20 9 9 11
20 0 3 0
20 12 17 12
20 20 20 11
20 3
20 9 20 11
20 14 11
20 1 17 12
20 5 6 1
20 3 14 9
20 0 1 1
20 12 17 1
20 20 0
20 0 14 11
20 12 16
20 1 17 1
20 1 16
20 5 6 12
20 5 16 11
20 11 9 14
20 14 9
20 11 20 14
20 9 20 3
20 0 12 1
20 9 11
20 20 5 12
20 20 5 1
20 1 6 12
20 1 6 1
20 14 20
20 11 14
20 0 9 3
20 0 20 3
20 3 1 12
20 10 10 9
20 10 21 9
20 21 10 9
20 21 21 9
20 1 15 1
20 1 15 12
20 3 1 1
20 5 16 16
20 3 14 11
20 12 1 16
20 3 3 9
20 15 4 9
20 18 7 9
20 1 16 20
20 12 16 20
20 12 16 9
20 1 16 9
20 3 9 0
20 3 20 0
20 3 20
20 3 11 9
20 3 9
20 20 14
20 11 3 11
20 14 14 9
20 11 14 9
20 12 12 16
20 1 4 12
20 12 4 12
20 11 14 11
20 1 1 16
20 1 12 16
20 0 14 9
20 1 4 1
20 12 4 1
20 3 11
20 5 1 20
20 5 12 20
20 3 12 12
20 5 12 9
20 5 1 9
20 9 14
20 3 12 1
20 12 15 12
20 12 15 1
20 11 0 3
20 12 6 1
20 12 6 12
20 0 20 11
20 0 9 11
20 11 11 20
20 0 11
20 11 11 9
20 20 9 14
20 5 1 11
20 3 0 11
20 9 5 12
20 12 0 12
20 5 12 11
20 9 5 1
20 14 11 9
20 1 0 1
20 14 20 11
20 14 9 11
20 3 14 3
20 0 3 9
20 14
20 20 12 16
20 11 0 14
20 0 5 16
20 3 0 9
20 11 20 0
20 20 1 16
20 11 0 0
20 14 0 11
20 5 16 0
20 11 9 0
20 5 0 12
20 9 20 0
20 5 0 1
20 9 9 0
20 20 0 9
20 9 1 16
20 20 0 20
20 9 12 16
20 11 0 11
20 1 1 3
20 0 11 14
20 1 12 3
20 20 20 0
20 20 9 0
20 5 16 14
20 9 0 20
20 9 0
20 20 11
20 12 12 0
20 14 3 9
20 12 1 0
20 1 1 0
20 0
20 0 11 0
20 20 5 16
20 9 5 16
20 1 12 0
20 11
20 20 20
20 1 11 12
20 9 0 9
20 5 16 20
20 5 0 16
20 1 11 1
20 11 20 11
20 5 16 9
20 0 20 0
20 12 11 12
20 12 11 1
20 11 1 1
20 1 12 11
20 12 12 11
20 1 1 11
20 1 12 20
20 11 12 12
20 11 12 1
20 11 1 12
20 12 1 11
20 12 12 20
20 0 11 20
20 20 0 11
20 9 0 11
20 20 9 9
20 20 20 20
20 20 9 20
20 20 20 9
20 9 20 20
20 0 11 9
21 12 1 10
21 1 12 10
21 12 12 10
21 1 1 10
21 10 21 10
21 10 10 10
21 10
21 14 3 10
21 3 14 10
21 3 3 10
21 14 14 10
21 1 12
21 12 1
21 12 12
21 1 1
21 1 0 12
21 1 0 1
21 12 0 12
21 0 11 10
21 12 0 1
21 1 11 12
21 12 11 12
21 1 11 1
21 12 11 1
21 21 10 10
21 21 21 10
21 11 0 10
21 5 16 10
21 15 4 10
21 4 15 10
21 9 20 10
21 9 9 10
21 20 9 10
21 20 20 10
21 18 7 10
21 19 8 10
21 6 17 10
21 0 11 21
21 10 0 11
21 21 0 11
