0 13 9 23
0 5 9 9
0 33 9 9
0 6 0
0 6 6 0
0 22
0 6 5 9
0 35 9 23
0 21 9 23
0 32 9 15
0 29 6 0
0 5 9 23
0 33 9 23
0 6 6 22
0 18 18 22
0 11 9 23
0 22 9
0 6 22
0 13 9
0 31 15
0 12 9
0 13 9 15
0 29 13 9
0 25 15
0 12 9 15
0 22 9 9
0 33 19 9
0 5 19 9
0 29 29 22
0 4 9
0 31 34 0
0 29 6 22
0 11
0 25 19 9
0 29 0 9
0 12 9 9
0 6 25 15
0 4 9 15
0 11 9 9
0 24 9 15
0 12 9 23
0 24
0 31 19 9
0 24 15
0 33 19
0 6 0 9
0 25 34 2
0 3 9 15
0 22 9 15
0 1 9 15
0 5 19
0 35 9
0 5 19 15
0 18 31 15
0 5 9 15
0 11 9
0 1 9 9
0 21 9
0 6 22 9
0 30 30 0
0 33 9
0 3 15
0 3
0 6 4 2
0 20 27 15
0 18 22
0 6 13 9
0 20 18 0
0 21 9 15
0 6 24 15
0 29 29 0
0 31 34 2
0 3 34 2
0 29 18 22
0 29 22
0 29 34 2
0 20 18 22
0 22 19 9
0 31 23 23
0 16 34 2
0 29 1 9
0 6 3
0 3 9 9
0 18 18 0
0 3 27 15
0 5 5 9
0 35 9 15
0 30 18 0
0 18 0 9
0 29 6 24
0 29 24 15
0 6 3 15
0 18 22 9
0 6 5 22
0 18 6 0
0 6 29 24
0 5 25 15
0 11 18 24
0 5 0
0 29 34 9
0 25
0 24 9 9
0 18 3 15
0 29 3 9
0 24 34 2
0 6 4 9
0 6 18 22
0 5 34 2
0 6 25
0 18 18 11
0 25 34 0
0 30 6 0
0 18 0
0 6 6 25
0 6 29 0
0 25 9
0 4 2
0 25 27 15
0 6 12 9
0 24 23 23
0 6 30 22
0 11 0
0 30 30 22
0 18 11 22
0 30 29 22
0 29 3 15
0 3 15 9
0 34 2 15
0 29 29 3
0 24 34 9
0 25 34 9
0 24 9 23
0 29 24 9
0 5 33 9
0 30 31 15
0 29 18 0
0 29 25 15
0 3 19 9
0 24 15 9
0 16 23 15
0 18 5 9
0 25 9 15
0 30 12 9
0 25 23 15
0 30 22
0 6 25 9
0 3 23 15
0 20 5 9
0 33 19 15
0 31
0 1 9
0 19 9 15
0 18 16 22
0 29 4 2
0 18 25 9
0 6 0 15
0 30 29 0
0 11 9 15
0 6 1 9
0 29 5 9
0 24 23 15
0 6 29 22
0 6 19 9
0 18 0 23
0 24 9
0 25 15 9
0 18 11 9
0 31 27 15
0 24 27 15
0 6 11 9
0 16 34 9
0 5 9
0 29 11 9
0 31 15 9
0 33 9 15
0 6 31 15
0 29 12 9
0 29 0
0 29 4 9
0 24 19 9
0 6 18 0
0 24 27 23
0 31 34 9
0 29 31 15
0 30 24 15
0 30 29 24
0 20 22
0 18 13 9
0 22 34 2
0 6 24
0 30 0
0 18 20 22
0 24 23
0 3 9
0 18 24
0 18 1 9
0 22 15
0 24 34 0
0 31 23 15
0 18 29 22
0 6 6 24
0 25 15 15
0 30 1 9
0 30 30 24
0 29 30 0
0 20 25 15
0 18 18 24
0 5 6 22
0 18 25 15
0 6 6 3
0 6 34 2
0 29 24
0 18 29 0
0 29 6 25
0 30 18 22
0 20 0
0 18 6 22
0 19 9
0 30 24
0 29 29 24
0 29 30 22
0 18 16 15
0 30 6 22
0 3 5 9
0 16 15
0 31 9 15
0 18 30 22
0 20 20 0
0 34 2
0 18 24 15
0 18 12 9
0 11 2 15
0 6 3 9
0 6 30 0
0 18 30 0
1 12
1 30 30 12
1 30 12
1 1 19
1 18 12
1 30 30 1
1 18 30 12
1 6 1
1 30 6 1
1 29 6 1
1 30 29 1
1 29 1
1 29 30 1
1 29 6 12
1 18 29 1
1 6 12
1 30 6 12
1 11 18 1
1 11 1
1 3
1 6 29 1
1 30 29 12
1 30 11
1 11 12
1 6 3
1 18 3
1 11 11 12
1 30 18 12
1 29 29 12
1 18 18 12
1 29 12
1 11
1 18 1
1 18 30 1
1 18 18 1
1 30 18 1
1 30 1
2 2 34 2
2 9
2 2 27 27
2 2 9 9
2 2 15 9
2 2 9
2 9 34 2
2 2 27 23
2 9 27 27
2 2 23 23
2 9 15 9
2 2 23 27
2 9 9
2 9 9 9
2 2 9 27
2 2 34 9
2 2 23 9
2 2 9 15
2 2 23
2 2 9 23
2 2 27
2 9 19 9
2 2 27 9
2 2 23 34
2 2 19 9
2 9 9 15
2 2 34
2 9 27 23
2 2 27 34
2 9 23 34
2 2 15
2 9 15
2 9 23 9
2 2 23 15
2 9 23 15
2 9 19 17
2 9 23
2 9 17 9
2 2 15 23
2 2 4 9
2 9 19
2 9 27 9
2 9 27 15
2 2 27 15
2 9 27
2 9 9 27
2 9 9 19
2 9 23 23
2 9 34 9
2 9 9 23
2 9 23 27
3 25 15 9
3 6 6 5
3 0 9 9
3 25
3 3 15 9
3 24
3 3 34 2
3 0 9
3 6 6 25
3 5
3 6 0 9
3 24 9 9
3 5 9 9
3 3 9 9
3 12 9
3 3 23 23
3 5 9
3 12 9 9
3 3 9 15
3 6 25
3 3 23
3 6 5
3 0
3 6 12 9
3 24 9
3 3 9 23
3 6 5 9
3 25 23 27
3 5 34 2
3 6 3
3 3 9 27
3 6 6 3
3 24 19 9
3 3 27 27
3 31 23 34
3 24 9 15
3 0 9 34
3 25 23 34
3 0 9 15
3 11 9 34
3 29 29 5
3 0 34 2
3 3 15
3 0 9 23
3 24 9 27
3 24 34 2
3 5 9 23
3 5 3 9
3 31
3 31 15 9
3 5 9 27
3 29 29 25
3 12
3 25 9 9
3 5 34 9
3 0 19 9
3 13 9 15
3 0 9 27
3 29 5
3 29 5 9
3 12 9 27
3 22 9 34
3 6 3 9
3 25 34
3 25 34 9
3 3 27
3 6 25 34
3 25 9 23
3 24 15
3 31 15
3 25 15
3 25 9
3 29 12 9
3 29 0 9
3 29 31 34
3 6 25 15
3 11 9 9
3 6 24 15
3 29 25
3 29 24
3 1
3 6 24
3 22 9
3 6 31
3 11
3 29 6 25
3 6 29 5
3 6 24 9
3 6 22 9
3 29 25 9
3 11 9
3 6 0
3 29 31 15
3 6 3 15
3 12 9 15
3 5 5 9
3 29 29 0
3 29 24 9
3 5 5
3 29 31
3 18 18 5
3 6 25 9
3 4 9
3 3 5
3 6 31 15
3 12 9 23
3 5 9 15
3 24 15 9
3 25 34 2
3 29 3 9
3 3 23 9
3 3 9
3 3 34 9
3 3 27 23
3 3 23 27
4 31 23 4
4 11
4 0 4
4 25 23 4
4 24 23 4
4 6 4
4 18 4
4 6 6 4
4 29 4
4 29 6 4
4 5 9 4
4 12 9 4
4 29 29 4
4 30 4
4 22 4
4 30 18 4
4 0 9 4
4 1 9 4
4 18 18 4
4 29 29 11
4 6 29 4
4 18 30 4
4 25 15 4
4 31 15 4
4 5 4
4 33 9 4
4 33 4
4 9 23 4
4 24 4
4 24 15 4
4 12 4
4 30 0 4
4 18 22 4
4 30 12 4
4 19 4
4 18 6 4
4 11 18 4
4 11 15 4
4 30 1 4
4 30 31 4
4 3 34 4
4 18 29 4
4 29 18 4
4 11 11
4 29 22 4
4 9 15 4
4 5 5 4
4 33 5 4
4 19 19 4
4 11 19 4
4 11 4
4 29 30 4
4 11 30 4
4 18 11 4
4 6 22 4
4 30 22 4
4 6 0 4
4 30 30 4
5 33
5 5 9 19
5 0 9 19
5 6 5
5 6 6 5
5 5 19
5 22 9 19
5 12
5 31 19
5 33 19
5 29 6 5
5 29
5 22 19
5 29 29 11
5 29 29 5
5 6 11
5 5 5 33
5 29 29 12
5 29 29 3
5 6 29 5
5 29 29 33
5 6 3
5 3
5 6 3 5
5 18 18 3
5 20 18 5
5 6 6 3
5 0 19
5 6 5 5
5 33 5
5 6 29 3
5 18 6 5
5 5 5
5 6 6 11
5 20 20 5
5 5 19 19
5 33 9 19
5 29 3
5 19
5 20 5
5 18 5
5 29 11
5 33 19 19
5 29 5
5 6 29 11
5 3 5
5 5 33
5 11
6 29 6
6 29 29 6
6 6 29 29
6 29 6 29
6 6 29
6 6 18 18
6 6 18
6 29 29
6 29
6 6 18 20
6 6 20 18
6 18 18
6 29 29 18
6 29 18 18
6 6 20
6 18 6
6 29 18
6 18
6 29 29 29
6 6 6 29
6 29 6 6
6 6 29 6
6 6 6
6 6 6 6
7 23 23 7
7 23 27 7
7 27 27 7
7 34 2 7
7 23 23 8
7 27 23 7
7 15 9 8
7 34 2 8
7 23 27 8
7 27 27 8
7 23 7
7 27 23 8
7 34 9 7
7 27 7
7 23 8
7 15 9 7
7 27 9 8
7 9 27 8
7 9 27 7
7 4 9 8
7 15 23 8
7 23 9 8
7 4 9 7
7 23 9 7
7 9 9 8
7 9 23 8
7 19 9 8
7 27 9 7
7 9 23 7
7 19 9 7
7 27 8
7 8
7 34 9 8
8 27 27 8
8 23 23 8
8 23 27 8
8 23 27 7
8 23 23 7
8 27 8
8 34 2 7
8 15 9 7
8 34 2 8
8 27 23 8
8 27 27 7
8 34 9 8
8 9 27 8
8 4 9 7
8 4 9 8
8 9 9 7
8 9 7
8 27 9 8
8 9 27 7
8 23 8
8 27 9 7
8 9 8
8 19 9 8
8 23 9 7
8 19 9 7
8 23 9 8
8 9 23 8
8 9 23 7
8 34 9 7
8 7
8 27 23 7
8 27 7
8 23 7
8 15 9 8
9 9 9 9
9 9 9
9 9 15 9
9 9 23 23
9 15
9 15 9
9 9 27 27
9 34 2 9
9 9 34 2
9 9 27 23
9 2
9 9 19 9
9 9 17 17
9 15 9 9
9 27 27 9
9 9 9 15
9 2 27 27
9 19 9 9
9 9 27 9
9 23 23 9
9 9 23 9
9 2 34 9
9 2 15 9
9 19 9
9 23 27 9
9 23 9
9 9 23
9 9 34 9
9 2 9 9
9 9 23 34
9 15 9 15
9 17 9 9
9 19 17 17
9 23 34 2
9 9 9 23
9 17 17 17
9 27 23 9
9 2 9
9 9 9 19
9 9 9 27
9 2 9 15
9 19 17 9
9 9 17
9 27 9
9 19 9 15
9 9 15
9 2 23 27
9 34 9 15
9 9 23 15
9 17 9 23
9 17 17 27
9 2 23 9
9 34 9 9
9 27 15 9
9 19
9 5 9
9 27 27 23
9 34 9 23
9 5 5 9
9 9 4 9
9 19 19 9
9 15 9 23
9 17 17
9 19 9 23
9 34 2 27
9 9 17 23
9 9 17 9
9 11 9 15
9 34 9
9 27 34 9
9 15 34 9
9 17 9 15
9 9 15 19
9 2 27
9 17 23 27
9 27 9 9
9 15 34 2
9 9 19 17
9 9 27 15
9 15 19 9
9 34 2 23
9 15 9 27
9 23 27
9 19 17
9 19 11 9
9 11 19 9
9 2 15
9 17 9
9 2 9 27
9 23 15 9
9 11 9
9 23 9 9
9 17 15
9 17 9 27
9 5 9 9
9 34 9 27
9 17 23 15
9 17 17 23
9 4 9 9
9 9 15 23
9 9 23 27
9 23 23 23
9 9 19
9 23 23 27
9 2 34
9 27 34 2
9 5 9 15
9 2 34 2
9 23 27 27
9 34 2
9 23
9 17 19 9
9 2 9 23
9 2 19 9
9 15 15 9
9 19 15
9 2 23 23
9 2 23 15
9 34 15 9
9 23 27 23
9 2 27 9
9 17 27 27
9 11 9 9
9 2 23
9 27 27 27
9 9 34 0
9 27 27
9 17 15 9
9 34 2 15
9 2 27 15
9 17 17 15
9 15 17 9
9 19 9 27
9 23 23
9 27 23
9 17 9 17
9 17
9 27 23 23
9 9 15 15
9 2 27 23
9 17 17 9
9 23 34 9
9 9 27
9 23 9 23
9 19 17 23
10 27 27 10
10 23 23 10
10 23 27 10
10 9 23 10
10 27 23 10
10 27 10
10 23 10
10 15 9 10
10 34 2 10
10 9 10
10 9 27 10
10 23 9 10
10 19 9 10
10 27 9 10
10 9 9 10
10 34 9 10
11 21
11 35
11 29 29 21
11 13
11 11 9 9
11 11 9 19
11 29 11
11 11 9
11 29 29 13
11 11 9 15
11 0 9 34
11 29 29 35
11 22 9 23
11 4
11 29 29 11
11 9 19
11 6 6 5
11 29 21
11 31 34 2
11 0 9 9
11 22 9 15
11 22 9 19
11 0 9 23
11 32
11 5
11 22
11 0 9 15
11 12
11 18
11 22 19
11 0
11 24
11 18 22 9
11 6 5
11 18 18 11
11 29 29 4
11 31 23 15
11 18 31
11 1
11 19
11 18 22
11 29 32
11 6 29 13
11 18 29 13
11 6 6 0
11 19 11
11 12 19
11 18 21
11 18 1
11 29 29 32
11 11 11
11 6 6 22
11 30 1
11 6 22
11 11 13
11 11 21
11 30
11 29 35
11 3
11 6 21
11 30 12
11 11 1
11 6 29 21
11 11 19
11 29 6 5
11 29 29 19
11 31 19 9
11 29 5
11 6 11
11 29 29 5
11 6 13
11 18 11
11 18 18 13
11 6 35
11 18 13
11 29 13
12 5
12 11
12 6 6 12
12 30 1
12 3
12 1
12 30 18 12
12 29 29 5
12 18 12
12 29 12
12 30 12
12 18 1
12 6 12
12 18 18 1
12 30 11 1
12 30 30 11
12 11 18 12
12 29 18 12
12 18 6 12
12 29 30 1
12 6 1
12 30 6 1
12 29 6 1
12 30 6 12
12 11 18 1
12 11 30 12
12 18 29 12
12 11 11 1
12 11 30 1
12 29 29 1
12 30 29 12
12 11 1
12 30 29 1
12 29 1
12 16 18 12
12 18 30 1
12 6 29 12
12 29 6 12
12 18 18 12
12 30 30 12
12 30 18 1
12 18 30 12
12 30 30 1
12 29 29 12
13 29 29 11
13 29 29 21
13 6 13
13 18 18 13
13 35
13 6 29 21
13 29 32
13 18 18 11
13 29 18 13
13 11 11
13 11 13
13 18 21
13 11 21
13 32
13 18 18 21
13 29 29 32
13 6 21
13 6 11
13 18 11
13 29 29 35
13 29 35
13 18 13
13 29 11
13 29 21
13 21
13 29 6 13
13 6 29 13
13 11
13 29 13
13 29 29 13
14 29 14
14 18 18 14
14 29 29 14
14 6 6 14
14 18 14
14 31 34 14
14 29 18 14
14 6 29 14
14 16 18 14
14 29 6 14
14 6 14
14 6 18 14
14 30 18 14
14 24 34 14
14 5 18 14
14 5 14
14 30 14
14 20 20 14
14 11 6 14
14 30 20 14
14 0 19 14
14 11 14
14 11 18 14
14 30 30 14
14 18 3 14
14 16 14
14 18 29 14
14 18 11 14
14 6 3 14
14 6 30 14
14 29 5 14
14 6 5 14
14 11 29 14
14 18 6 14
14 3 34 14
14 18 30 14
14 18 20 14
14 25 34 14
14 30 29 14
14 20 18 14
14 30 6 14
14 18 5 14
14 6 20 14
14 18 16 14
14 30 11 14
14 11 16 14
14 11 30 14
14 5 6 14
14 3 14
14 20 14
14 29 30 14
15 9
15 15 9 15
15 9 9 9
15 34 9 15
15 34 2 15
15 9 15
15 34 2 34
15 15 9 9
15 9 23 34
15 9 9
15 9 34 2
15 19 9 15
15 27 27 15
15 23 34 2
15 19 9
15 27 23 15
15 34 2 9
15 15 9
15 23 34
15 23 23 34
15 23 34 9
15 15 34 2
15 23 27 15
15 9 23 15
15 19 9 9
15 9 27 15
15 9 34 9
15 34 2
15 19 17 17
15 9 19 9
15 34 9 9
15 19 17 9
15 15 15
15 27 34 2
15 27 34 9
15 15 19 9
15 9 34 0
15 19 19 9
15 27 15 9
15 23 15
15 27 15
15 34 9
15 9 9 15
15 23 23 15
16 18 18 16
16 18 16
16 16 18 16
16 0 9 9
16 0 9
16 12 9 9
16 18 0 9
16 12 9
16 18 18 18
16 18 22 9
16 18
16 31 34 2
16 31 27 23
16 20
16 31 23 27
16 31 23 23
16 31 34 9
16 16 18
16 18 16 16
16 18 20 16
16 20 18 16
16 16 16
16 16 18 20
16 18 18 25
16 31 15 9
16 18 18 31
16 18 25
16 16 18 18
17 17 17 17
17 17 17
17 9 19 17
17 17 9 19
17 17 9 17
17 17 27 27
17 17 23 23
17 17 23 15
17 9 17
17 9 15 19
17 9 9 17
17 9 15 17
17 9 15
17 9 9
17 17 15
17 17 17 9
17 9 17 17
17 17 9 9
17 17 9 27
17 9 23 27
17 9 23
17 9 19 9
17 9 9 15
17 17 27 15
17 9 34 2
17 17 9 23
17 17 9
17 9 9 9
17 9 23 15
17 9 27 27
17 17 17 23
17 9 9 23
17 17 17 15
17 9
17 9 15 9
17 17 15 19
17 17 23 27
17 9 27 19
17 17 23 19
17 9 9 19
17 9 23 19
17 9 19
17 17 23
17 17 27 23
17 17 9 15
17 17 17 19
17 17 19
17 17 19 17
18 18 18 18
18 18 18
18 20 18
18 18 16 18
18 18 30 18
18 0 9 34
18 18 31 34
18 18 20 18
18 18 20
18 30 18 18
18 18 11 18
18 20 18 18
18 18 18 20
18 11 9 34
18 18 29
18 4 9 34
18 18 6 18
18 18 18 30
18 18 20 20
18 29 18 18
18 18 29 18
18 30 18
18 18 30
18 11 18
18 20
18 20 18 20
18 20 20 20
18 18 18 11
18 11
18 29 18
18 11 18 18
18 16
18 30 30 18
18 6
18 18 16
18 29 6
18 6 18 6
18 18 11
18 29 29 6
18 16 18 18
18 29 18 6
18 20 18 6
18 6 20 18
18 16 18
18 30 20 18
18 20 18 30
18 6 18
18 20 20
18 18 29 6
18 6 18 18
18 18 6
18 29
18 18 30 30
18 18 6 6
18 18 18 16
18 18 18 6
18 18 18 29
19 19 17
19 34 2 19
19 27 27 19
19 23 23 19
19 9 9 9
19 27 23 19
19 9 9
19 9 15 9
19 19 9 9
19 9 23 19
19 19 9
19 9
19 23 27 19
19 9 19
19 19 19
19 12 9 19
19 33
19 9 9 19
19 5
19 11 9 19
19 6 19
19 11
19 6 6 19
19 19 11
19 0 19
19 4 9 19
19 19 15
19 29 6 19
19 29 19
19 29 29 11
19 15 19
19 27 9 19
19 19 19 19
19 9 15 19
19 19 15 9
19 27 19
19 15 9 19
19 19 17 17
19 34 9 19
19 23 19
19 19 9 19
20 18 18 16
20 20 34 2
20 18 20 18
20 18
20 18 18 18
20 20 18
20 20 20 18
20 0 34 2
20 20 20
20 0 9 34
20 18 18
20 18 20
20 0 34 9
20 16
20 18 18 6
20 0 9 27
20 0 9 23
20 20 18 16
20 20 27 23
20 20 34 9
20 20 23
20 20 18 18
20 20 15 9
20 18 16
21 29 29 11
21 11
21 13
21 29 29 13
21 29 29 35
21 29 11
21 18 11
21 29 29 32
21 35
21 29 21
21 6 29 13
21 18 18 13
21 29 32
21 6 21
21 6 35
21 18 35
21 11 11
21 29 35
21 6 29 11
21 29 6 13
21 6 11
21 18 13
21 6 13
21 32
21 29 13
21 29 29 21
22 6 0
22 18 18 22
22 6 6 0
22 6 6 22
22 0
22 5 9
22 6 5 9
22 6 22
22 13 9 23
22 29 22
22 29 6 0
22 31 19 9
22 25 15
22 18 22
22 0 9 15
22 1 9
22 5 9 9
22 25 19 9
22 31 15
22 33 9 9
22 35 9 23
22 33 9
22 29 6 22
22 21 9
22 13 9 15
22 32 9 15
22 5 9 15
22 1 9 15
22 0 9 23
22 6 25 15
22 0 9
22 12 9
22 29 29 0
22 12 9 15
22 0 19 9
22 24 9 15
22 30 22
22 13 9
22 24
22 24 15
22 6 29 22
22 24 19 9
22 0 19 17
22 0 9 9
22 29 29 22
22 18 0
22 6 22 9
22 18 31 15
22 6 0 9
22 29 22 9
22 29 0 9
22 11 9 9
22 18 18 0
22 29 0
22 30 12 9
22 11
22 30 1 9
22 31 34 0
22 31 34 2
22 24 34 2
22 12 9 9
22 31 9 15
22 4 9
22 6 31 15
22 6 12 9
22 35 9
22 30 30 22
22 30 31 15
22 25 9 15
22 18 0 9
22 18 22 9
22 31 27 23
22 1 9 9
22 25 34 2
22 6 29 0
22 11 9
22 31 15 9
22 29 11 9
22 29 25 15
22 30 24 15
22 35 9 15
22 25 15 9
22 4 9 15
22 24 9 9
22 31 23 23
22 18 30 22
22 25 27 23
22 30 0
22 6 3 15
22 31 34 9
22 6 3 9
22 5 19 9
22 24 34 9
22 33 19 9
22 18 18 11
22 18 11 9
22 30 30 0
22 18 24 15
22 11 9 15
22 18 25 15
22 29 5 9
22 24 9
22 18 1 9
22 25 23 23
22 6 24
22 31 23
22 29 31 15
22 25 9 9
22 29 4 9
22 3 9 15
22 29 29 24
22 18 29 0
22 25 23
22 21 9 15
22 6 24 15
22 25 15 15
22 25 27 15
22 3 9
22 0 34 2
22 29 24
22 0 23 15
22 30 18 22
22 6 5 3
22 25 9
22 6 25
22 18 33 9
22 18 30 0
22 29 18 0
22 6 19 9
22 29 24 9
22 29 18 22
22 24 34 0
22 18 13 9
22 6 4 9
22 18 6 22
22 30 24
22 5 5 9
22 18 5 9
22 20 25 15
22 30 18 0
22 25 34 0
22 4 2
22 11 15
22 30 29 0
22 30 6 22
22 5 25 15
22 20 0
22 29 30 0
22 30 29 22
22 18 3 9
22 11 34 2
22 6 22 15
22 30 30 24
22 29 24 15
22 20 20 0
22 29 19 9
22 18 30 24
22 31 15 15
22 29 12 9
22 18 24
22 18 20 22
22 30 18 24
22 11 31 15
22 20 5 9
22 5 34 2
22 6 6 25
22 18 29 22
22 33 19
22 18 11
22 29 4 2
22 1 19 9
22 34 2 15
22 5 19
22 18 6 0
22 30 6 0
22 6 29 24
22 29 1 9
22 3 15
22 19 9 15
22 19 9
22 30 4 9
22 6 4 2
22 11 18 0
22 29 6 24
22 29 30 22
22 6 6 24
22 18 12 9
22 6 30 0
22 20 22
22 11 22
22 18 3 15
22 24 27 15
22 5 22
22 11 19 9
22 29 3 15
22 11 1 9
22 6 11 9
22 20 18 22
22 25
22 18 18 24
22 16 2 15
22 18 20 0
22 6 24 9
22 6 1 9
22 12 19 9
22 29 33 9
22 31 23 15
22 24 23 15
22 33 9 15
22 34 9 15
22 30 29 24
22 18 11 0
22 6 30 22
22 11 18 22
22 30 25 15
22 20 18 0
22 11 34 9
22 31 27 15
22 25 34 9
22 25 23 15
23 23 23 23
23 27 27 23
23 23 27 23
23 34 2 23
23 27 23 23
23 27 27 27
23 23 27 27
23 23 34 2
23 23 23 27
23 23 23
23 15 9 23
23 9 23 23
23 27 23
23 15 9 27
23 34 2 27
23 9 27 27
23 23 15 9
23 27
23 23 34 9
23 34 2
23 9 34 2
23 27 34 2
23 27 15 9
23 34 9 23
23 27 23 27
23 9 15 9
23 23 27
23 9 9 9
23 9
23 15 23 27
23 9 9
23 23 9
23 34 25 9
23 4 9 23
23 34 31 27
23 23 15 23
23 23 4 9
23 9 27
23 27 27 9
23 19 9
23 23 9 9
23 15 34 2
23 27 9 9
23 27 23 9
23 23 9 27
23 9 9 27
23 9 23 9
23 27 9 23
23 9 19 9
23 19 9 9
23 27 9
23 27 19 9
23 34 9 27
23 15 9 9
23 15 9
23 9 23 27
23 34 9
23 34 9 9
23 23 27 9
23 9 9 23
23 27 34 9
23 23 9 23
23 9 27 23
23 23 23 9
23 9 23
23 27 27
23 9 34 9
23 34 2 9
23 23 19 9
24 24 9 9
24 24 19 9
24 31 34 2
24 1 9 9
24 31 15 9
24 12 9 9
24 24 9
24 12 9
24 24 23 23
24 1 9
24 3 9 9
24 24 15 9
24 31 27 27
24 31
24 0 9 9
24 3 9
24 25 15 9
24 31 23 23
24 24 9 15
24 22 9 9
24 24 27 23
24 13 9
24 5 9
24 24 15
24 24 34 2
24 24 27 27
24 22
24 31 27 23
24 30 1 9
24 6 5 9
24 18 18 31
24 25 34 2
24 0
24 30 12 9
24 5 9 9
24 6 12 9
24 29 13 9
24 6 13 9
24 0 9
24 22 9
24 25 15
24 18 18 22
24 3
24 6 6 25
24 25
24 0 34 2
24 6 0 9
24 29 24
24 0 9 15
24 30 22 9
24 22 9 15
24 12 9 15
24 6 25 15
24 24 34 9
24 5 9 15
24 35 9 23
24 18 12 9
24 31 15
24 31 19 9
24 29 29 24
24 18 1 9
24 22 19 9
24 6 24
24 25 27 23
24 0 19 9
24 11 9
24 30 31
24 6 24 9
24 30 24
24 13 9 15
24 1 9 15
24 13 9 9
24 30 0 9
24 6 6 24
24 13 9 23
24 13 9 27
24 3 9 15
24 25 9
24 30 30 31
24 6 0
24 5 9 23
24 29 0
24 31 23 34
24 29 24 9
24 18 22 9
24 29 29 0
24 30 30 24
24 21 9
24 6 25
24 0 9 27
24 3 19 9
24 24 9 27
24 24 23
24 6 24 15
24 30 24 23
24 29 12 9
24 12 9 27
24 6 31 15
24 30 18 31
24 24 19 17
24 29 25 15
24 29 29 22
24 30 31 23
24 18 0 9
24 24 9 23
24 21 9 27
24 11 9 27
24 11 9 23
24 3 15
24 31 34 9
24 31 34 0
24 11 9 15
24 30 18 24
24 31 23
24 25 19 9
24 11
24 35 9 27
24 18 31
24 29 6 0
24 24 34 0
24 24 23 15
24 3 15 9
24 4 9 9
24 3 34 2
24 1 9 23
24 21 9 23
24 22 9 27
24 29 24 15
24 24 23 9
24 21 9 15
24 6 6 3
24 29 22
24 6 3 15
24 18 30 31
24 18 24
24 6 6 31
24 29 5 9
24 31 9 15
24 25 23 15
24 29 1 9
24 25 9 23
24 31 9 23
24 30 24 9
24 6 22 9
24 31 23 15
24 29 31 15
24 11 31 23
24 30 22
24 6 31
24 29 25 9
24 6 6 0
24 3 23 15
24 35 9
24 6 25 27
24 29 29 25
24 25 27
24 29 25 23
24 5 34 2
24 29 6 24
24 12 19 9
24 19 9
24 11 2 9
24 1 11 9
24 6 29 24
24 25 27 15
24 11 24 23
24 29 3
24 30 24 27
24 31 23 9
24 30 30 22
24 18 24 9
24 4 9 15
24 33 19 9
24 31 9 27
24 6 4 9
24 5 19 9
24 31 27 15
24 18 31 27
24 25 23
24 18 30 24
24 25 34 0
24 18 25 23
24 31 9
24 6 3
24 11 22 9
24 11 18 31
24 29 29 31
24 11 31
24 30 6 31
24 11 11 31
24 18 6 25
24 29 22 9
24 1 19 9
24 18 31 15
24 18 18 3
24 11 1 9
24 11 30 31
24 11 6 25
24 11 0 9
24 11 12 9
24 3 5 9
24 30 29 24
24 6 29 25
24 18 24 23
24 0 23 27
24 30 11 31
24 29 3 15
24 11 11 9
24 0 15
24 18 18 25
24 6 3 9
24 30 0
24 6 29 22
24 29 6 3
24 6 30 22
24 6 1 9
24 6 30 0
24 11 25
24 29 30 31
24 11 5 9
24 5 5 9
24 30 29 31
24 30 6 25
24 18 25
24 11 24
24 11 24 9
24 30 24 15
24 6 22
24 5 3 23
24 29 6 25
24 29 6 31
24 6 21 9
24 30 18 22
24 6 29 0
24 18 31 23
24 30 31 27
24 6 11 9
24 0 34 9
24 18 0
24 18 30 22
24 19 9 9
24 29 3 9
24 19 9 15
24 29 25
24 29 31
24 6 24 23
24 30 31 9
24 29 6 22
24 29 18 0
24 3 27 15
24 30 31 15
24 18 11 9
24 29 4 9
24 6 25 23
24 31 27
24 18 18 24
24 12 11 9
24 25 9 9
24 25 9 15
24 24 27
24 4 9
24 24 27 15
24 6 25 9
24 33 9
24 25 23 27
24 5 3 9
24 1 9 27
24 11 9 9
24 18 18 0
24 29 0 9
24 4 9 23
24 33 9 9
24 31 23 27
24 25 34 9
24 22 9 23
24 25 23 23
24 24 23 27
24 0 9 23
24 12 9 23
25 6 6 25
25 6 25
25 12 9 9
25 5 9 9
25 25 15 9
25 31 15 9
25 0 9
25 31 27 27
25 0 9 9
25 12 9
25 24 9 9
25 5 9
25 24 9
25 24 15 9
25 22 9
25 3 15 9
25 22 9 9
25 25 27 23
25 25 27 27
25 25 9 9
25 6 5 9
25 3 27 23
25 6 0 9
25 3 9 9
25 3
25 24 27 23
25 25 9
25 3 34 2
25 6 12 9
25 25 34 9
25 5 34 2
25 31
25 13 9
25 25 23 23
25 24
25 3 9
25 6 22 9
25 0 34 2
25 25 19 9
25 33 9 9
25 31 34 9
25 6 24 9
25 22 19 9
25 29 12 9
25 0 9 23
25 22 9 15
25 0 19 9
25 31 27 23
25 12 9 23
25 0 9 15
25 29 25
25 29 0 9
25 25 9 23
25 22 9 23
25 22 9 27
25 5 9 23
25 18 0 9
25 22 34 2
25 25 9 27
25 25 34 2
25 29 6 25
25 29 24 9
25 29 5 9
25 18 22 9
25 5 9 27
25 3 34 9
25 29 22 9
25 18 18 31
25 31 34 2
25 6 3 9
25 0 9 27
25 11 9 23
25 11 9
25 11 9 9
25 3 23 23
25 24 9 23
25 18 31
25 0
25 31 23 23
25 5 9 15
25 3 23 9
25 22
25 12 9 27
25 24 9 27
25 6 3
25 24 19 9
25 29 25 23
25 18 12 9
25 3 23
25 6 31
25 6 6 0
25 5 34 9
25 6 13 9
25 4 9 9
25 22 19 17
25 21 9
25 12 9 15
25 25 23 15
25 18 25
25 3 9 23
25 6 0
25 33 9 23
25 3 9 27
25 29 29 25
25 1 9 9
25 6 25 15
25 24 23 23
25 6 3 23
25 6 25 23
25 25 23
25 18 31 27
25 6 6 24
25 13 9 23
25 6 11 9
25 24 34 2
25 31 27
25 29 29 31
25 33 9 27
25 29 3 9
25 18 1 9
25 11 9 27
25 29 29 3
25 0 19 17
25 6 29 25
25 29 31
25 13 9 9
25 5 3 23
25 1 9
25 29 6 31
25 13 9 27
25 6 31 23
25 18 25 23
25 29 6 3
25 24 27
25 18 6 25
25 6 3 15
25 29 3
25 30 0 9
25 18 31 9
25 6 24
25 18 25 27
25 6 31 9
25 20 18 25
25 18 5 9
25 6 24 23
25 29 31 23
25 22 15 9
25 18 31 23
25 4 9 23
25 18 3
25 12 11 9
25 29 29 24
25 31 9
25 19 9 9
25 6 24 27
25 3 15
25 30 30 31
25 24 23
25 0 15 9
25 20 25
25 18 6 3
25 20 20 25
25 6 29 24
25 29 24
25 30 22 9
25 29 3 23
25 25 15
25 6 29 31
25 30 1 9
25 20 0 9
25 30 24
25 6 1 9
25 29 34 2
25 34 9
25 6 30 31
25 29 1 9
25 18 20 23
25 30 31
25 33 19 23
25 30 12 9
25 5 25 23
25 29 11 9
25 11 34 2
25 18 30 31
25 18 24
25 18 30 24
25 19 9
25 33 19 27
25 6 19 9
25 29 4 9
25 20 5 9
25 31 9 27
25 31 9 23
25 11 34 9
25 5 5 9
25 6 18 31
25 29 6 24
25 20 22 9
25 29 25 9
25 6 4 9
25 34 2
25 29 31 9
25 6 33 9
25 29 31 27
25 31 9 9
25 22 34 9
25 0 34 9
25 29 13 9
25 6 6 31
25 18 18 25
25 31 23
25 24 34 9
25 4 9
25 6 25 27
25 5 3 9
25 6 6 3
25 24 23 27
25 6 25 9
25 25 27
25 31 23 27
25 25 23 27
26 9 26
26 9 15 26
27 27 27 27
27 34 2 27
27 27 27
27 23 27 27
27 27 27 23
27 34 2 23
27 27 23 27
27 27 23 23
27 27 34 2
27 15 9 23
27 34 2
27 23
27 23 34 2
27 15 9 27
27 27 34 9
27 27 23
27 23 27
27 34 9
27 34 9 27
27 23 27 23
27 23 23
27 23 23 27
27 27 15 9
27 9 34 2
27 34 34 2
27 34 9 23
27 15 34 2
27 23 15 9
27 9 23 23
27 15 34 9
27 27 27 9
27 9 23
27 15 9 9
27 19 17 9
27 23 9
27 15 9
27 27 9
27 9 9 23
27 9 27 27
27 9 15 9
27 34 15 9
27 23 23 9
27 9 27
27 23 9 9
27 34 31 23
27 9 9 27
27 23 9 27
27 23 9 23
27 27 9 27
27 27 9 23
27 27 9 9
27 9 34 9
27 9 23 27
27 23 19 9
27 23 23 23
27 27 23 9
27 34 9 9
27 23 34 9
27 34 2 9
28 27 27 28
28 34 2 28
28 23 23 28
28 23 27 28
28 23 28
28 27 23 28
28 9 28
28 15 9 28
28 9 9 28
28 27 28
28 34 9 28
28 9 27 28
28 9 15 28
28 23 9 28
28 27 9 28
28 19 9 28
28 9 23 28
29 29 29
29 5
29 6
29 6 6 6
29 18
29 6 6
29 6 29 29
29 6 29
29 6 6 29
29 6 29 6
29 29 29 6
29 29 6
29 29 6 6
29 6 30 30
29 29 6 29
29 29 29 29
30 18 30
30 30 30
30 30 18
30 30 30 18
30 30 30 30
30 11
30 18 30 30
30 30 29
30 29 30
30 30 18 30
31 12 9 9
31 1 9 9
31 0 9 9
31 24 15 9
31 31 23 23
31 25 15 9
31 24 27 27
31 25 27 27
31 13 9
31 12 9
31 31 34 2
31 5 9 9
31 18 31
31 0 9
31 31 15 9
31 31 27 23
31 22 9 9
31 24 23 23
31 18 18 31
31 1 9
31 22 9
31 11 9
31 30 1 9
31 24 9 9
31 18 13 9
31 3 9 9
31 24
31 30 12 9
31 25 34 2
31 24 9
31 30 31
31 6 6 25
31 31 27 27
31 29 13 9
31 18 12 9
31 5 9
31 24 27 23
31 30 22 9
31 21 9
31 30 30 31
31 18 11 9
31 18 1 9
31 35 9
31 18 0 9
31 6 13 9
31 30 18 31
31 30 0 9
31 24 34 2
31 24 34 9
31 32 9 23
31 6 12 9
31 18 22 9
31 25 27 23
31 6 0 9
31 22 19 9
31 25
31 31 23
31 25 23 23
31 32 9
31 31 34 9
31 30 24
31 6 25
31 6 5 9
31 31 19 9
31 0 19 9
31 18 21 9
31 30 30 24
31 6 31
31 1 9 23
31 24 23 27
31 0
31 4 9 23
31 29 0 9
31 22 9 27
31 3 9
31 18 30 31
31 35 9 23
31 25 9
31 30 24 9
31 6 22 9
31 6 6 31
31 4 9
31 24 23
31 18 31 23
31 21 9 27
31 18 24
31 29 24 9
31 29 12 9
31 18 4 9
31 0 34 2
31 11 9 27
31 33 9 9
31 29 31
31 12 9 27
31 29 22 9
31 12 9 23
31 18 31 9
31 30 31 23
31 30 18 24
31 18 24 23
31 25 9 9
31 35 9 27
31 11 9 9
31 13 9 9
31 4 9 9
31 25 34 9
31 24 9 27
31 12 11 9
31 24 9 23
31 6 24 9
31 31 27
31 30 24 23
31 30 31 27
31 19 9 9
31 5 34 2
31 25 23
31 29 5 9
31 22 34 2
31 25 23 27
31 30 31 9
31 18 24 9
31 31 23 9
31 5 9 23
31 33 9 27
31 21 9 23
31 18 30 24
31 29 6 25
31 29 25
31 18 18 25
31 18 31 27
31 33 9 23
31 1 11 9
31 0 9 27
31 18 5 9
31 25 19 9
31 6 3 9
31 3 15 9
31 6 24
31 6 3
31 6 31 23
31 24 27
31 29 1 9
31 18 25
31 5 9 27
31 6 6 3
31 33 9
31 3
31 29 31 23
31 0 23 27
31 6 6 24
31 6 11 9
31 13 9 23
31 3 34 2
31 0 23 23
31 18 25 23
31 18 6 25
31 6 3 23
31 6 25 23
31 29 29 25
31 25 9 27
31 30 24 27
31 11 19 9
31 0 23
31 18 29 31
31 29 6 31
31 25 27
31 6 29 31
31 6 29 25
31 19 9
31 6 25 9
31 11 22 9
31 24 19 9
31 30 30 25
31 1 19 9
31 31 27 9
31 11 31
31 6 30 31
31 6 30 24
31 29 21 9
31 3 9 27
31 33 19 27
31 29 29 24
31 5 34 9
31 30 29 31
31 13 9 27
31 11 24
31 0 17 9
31 25 9 23
31 11 11 9
31 30 6 25
31 30 4 9
31 30 25
31 11 12 9
31 29 30 24
31 29 25 23
31 5 25
31 22 23 27
31 5 22 9
31 30 11 31
31 11 6 25
31 11 31 23
31 22 15 9
31 29 34 2
31 18 32 9
31 11 11 24
31 11 24 23
31 11 15 9
31 29 35 9
31 11 23
31 5 25 23
31 6 21 9
31 11 2 9
31 6 25 27
31 11 0 9
31 29 6 3
31 0 15 9
31 6 29 24
31 6 4 9
31 18 24 27
31 29 24
31 6 18 31
31 30 6 31
31 29 3 9
31 18 25 9
31 24 27 9
31 31 9 9
31 29 30 31
31 29 4 9
31 0 34 9
31 4 2 9
31 22 34 9
31 33 19 23
31 29 11 9
31 29 25 27
31 29 3 23
31 11 34 2
31 11 34 9
31 29 3
31 29 6 24
31 30 21 9
31 18 29 24
31 5 0 9
31 11 5 9
31 11 25
31 11 30 24
31 6 19 9
31 5 12 9
31 18 29 25
31 11 23 23
31 30 11 9
31 18 6 31
31 11 24 9
31 30 18 25
31 18 20
31 29 25 9
31 31 9 23
31 31 9 27
31 3 9 23
31 6 3 27
31 5 3 9
31 24 23 9
31 29 18 31
31 22 9 23
31 31 9
31 1 9 27
31 18 18 24
31 11 9 23
31 31 23 27
31 0 9 23
32 29 29 21
32 29 13
32 29 29 11
32 29 21
32 13
32 29 29 13
32 35
32 29 29 35
32 29 11
32 11
32 21
33 5
33 0 9 19
33 33 19
33 22 9 19
33 31 19
33 33 9 19
33 5 19
33 5 9 19
33 5 5
33 5 5 5
33 33 19 19
33 22 19
33 18 33
33 5 33
33 19
33 29 29 5
33 5 19 19
33 0 19
34 34 2 34
34 23 23 34
34 27 27 34
34 27 23 34
34 34 9 34
34 23 27 34
34 9 15 34
34 23 34
34 15 9 34
34 27 34
34 9 27 34
34 23 9 34
34 34 34
34 34 2 15
34 9 23 34
34 34 2
34 15 34
34 9 34
34 6 6 34
34 0 9 34
34 4 9 34
34 22 9 34
34 34 9
34 25 23 34
34 29 5 34
34 6 25 34
34 25 34
34 6 31 34
34 29 31 34
34 5 9 34
34 29 25 34
34 23 15 34
34 6 5 34
34 5 34
34 23 34 2
34 11 9 34
34 6 34
34 15 9 15
34 27 34 2
34 27 9 34
34 23 34 34
34 27 34 34
34 34 9 15
34 19 9 34
34 9 9 34
35 29 29 11
35 29 13
35 6 11
35 6 21
35 29 29 21
35 18 18 13
35 29 11
35 21
35 29 35
35 6 6 13
35 29 29 32
35 6 6 11
35 29 21
35 32
35 6 13
35 29 29 13
35 6 35
35 13
35 11
36 0 9 8
36 18 18 36
36 11 36
36 11 29 36
36 29 6 36
36 6 36
36 18 29 36
36 29 18 36
36 29 36
36 18 36
36 29 29 36
