0 0 12 18
0 0 12 19
0 0 22 10
0 18 6 18
0 0 12 0
0 19 7 19
0 0 6 18
0 8 20 18
0 0 22 18
0 0 13 1
0 0 6 19
0 0 22 19
0 8 13 10
0 8 20 19
0 0 13 20
0 19 7 18
0 0 7 18
0 0 20 8
0 8 20 0
0 8 1 18
0 7 19 18
0 18 6 19
0 18 10 22
0 19 8 20
0 0 18 6
0 0 13 13
0 19 0 12
0 13 1 18
0 8 13 18
0 0 8 20
0 0 7 19
0 7 19 0
0 0 0 22
0 8 1 19
0 7 19 19
0 0 10 12
0 18 1 13
0 0 19 7
0 0 0 12
0 13 1 19
0 7 18 10
0 20 8 18
0 0 20 13
0 20 8 19
0 5 17 18
0 5 22 10
0 8 13 19
0 0 1 13
0 5 22 3
0 8 8 19
0 19 8 13
0 8 8 18
0 0 20 20
0 0 8 13
0 0 18 22
0 0 1 20
0 12 0 19
0 5 6 18
0 0 18 12
0 5 18 6
0 18 9 21
0 7 18 18
0 22 10 18
0 0 19 12
0 5 12 18
0 5 19 7
0 5 16 10
0 8 19 13
0 12 0 18
0 5 12 0
0 19 0 22
0 5 16 18
0 5 12 5
0 5 16 20
0 5 16 12
0 5 7 19
0 5 5 13
0 14 5 13
0 5 10 22
0 5 14 16
0 21 10 22
0 14 7 19
0 5 12 19
0 5 22 21
0 8 19 8
0 5 10 15
0 7 18 19
0 5 16 13
0 14 7 18
0 5 16 19
0 7 10 18
0 8 18 13
0 5 16
0 5 12 21
0 11 10 22
0 22 10 19
0 5 10
0 18 10 12
0 5 11 13
0 5 4
1 13 1 13
1 1 13 20
1 10 22 13
1 20 8 20
1 1 13 13
1 10 22 20
1 6 18 13
1 1 13 1
1 13 10 22
1 10 12 8
1 20 0 12
1 6 18 20
1 1 18 6
1 1 18 12
1 18 6 13
1 10 13 6
1 1 20 8
1 1 8 13
1 10 6 13
1 10 20 7
1 6 13 10
1 18 6 20
1 6 18 1
1 1 1 20
1 10 20 12
1 10 22 1
1 1 8 20
1 10 13 12
1 20 8 13
1 22 10 13
1 13 1 20
1 3 13 12
1 19 8 12
1 20 7 19
1 10 6 20
1 1 1 13
1 3 13 6
1 10 12 13
1 10 20 2
1 19 7 20
1 10 20 15
1 9 21 13
1 1 0 12
1 18 1 22
1 1 10 12
1 6 20 0
1 3 1 22
1 10 20 22
1 22 1 18
1 12 0 13
1 19 7 13
1 13 9 21
1 3 20 7
1 20 2 14
1 10 1 22
1 9 21 20
1 13 10 12
1 18 1 12
1 22 1 19
1 1 0 22
1 12 8 18
1 12 8 19
1 6 19 8
1 1 18 22
1 10 1 15
1 1 20 13
1 13 6 18
1 1 19 7
1 3 13 22
1 3 20 12
1 10 8 12
1 10 1 12
1 10 13 22
1 3 1 12
1 9 21 1
1 10 13 15
1 6 0 13
1 6 10 13
1 10 8 22
1 12 0 20
1 6 10 20
1 1 20 20
1 22 10 20
1 19 8 22
1 6 1 18
1 4 7 13
1 6 19 13
1 6 13 18
1 20 0 22
1 21 1 12
1 1 19 12
1 21 1 22
1 3 20 22
1 14 8 12
1 13 13 13
1 10 7 13
1 6 8 19
1 6 0 20
1 14 8 22
1 23 11 13
2 0 12 15
2 8 20 17
2 7 19 17
2 8 20 15
2 0 12 17
2 15 3 15
2 8 1 15
2 8 1 17
2 2 5 15
2 2 3 17
2 13 1 17
2 8 13 9
2 8 20 2
2 0 22 9
2 5 17 15
2 7 19 15
2 17 5 15
2 17 5 17
2 22 10 17
2 8 8 15
2 13 1 15
2 7 18 9
2 12 0 17
2 20 8 17
2 15 3 17
2 0 12 2
2 0 6 17
2 7 10 15
2 0 6 15
2 18 6 17
2 8 8 17
2 15 14 15
2 16 6 18
2 20 8 15
2 16 9 4
2 2 14 17
2 11 23 15
2 0 22 17
2 5 17 17
2 2 14 15
2 8 13 15
2 7 18 17
2 18 6 15
2 16 9 23
2 22 10 15
2 16 9 13
2 16 9 20
2 16 9
2 16 4 15
2 7 10 17
2 0 22 15
2 16 9 8
2 0 7 17
2 12 0 15
2 11 6 18
2 16 1 7
2 16 1 22
2 16 1 17
2 11 6
2 16 9 5
2 7 18 6
2 16 9 1
2 16 17 5
2 16 9 16
2 16 1 6
2 16 12 19
2 16 15 3
2 19 7 17
2 16 6 8
2 7 0 17
2 11 6 3
2 16 6 0
2 11 6 13
2 16 6 19
2 16 6 23
2 0 7 15
2 11 12 19
2 16 6 10
2 16 9 11
2 19 7 15
2 16 6 3
2 11 6 19
2 17 14 17
2 16 15 23
2 16 9 18
2 11 15 23
2 11 9 1
2 16 23 15
2 7 18 15
2 16 15 1
2 16 9 10
2 11 6 8
2 16 6 14
2 16 12 14
2 16 12 12
2 16 9 3
2 11 6 10
2 16 6 4
2 16 6 13
2 11 9 4
3 21 9 21
3 21 1 13
3 14 2 14
3 3 13 1
3 21 6 18
3 21 10 22
3 3 12 0
3 3 20 8
3 14 0 12
3 3 10 22
3 21 15 21
3 3 12 19
3 3 0 22
3 21 3 15
3 14 7 19
3 3 13 20
3 3 18 6
3 14 8 20
3 3 22 10
3 3 10 12
3 14 5 17
3 3 6 19
3 3 6 18
3 3 13 13
3 10 12 0
3 3 18 12
3 3 15 21
3 3 1 20
3 3 19 7
3 3 20 13
3 1 20 0
3 3 8 13
3 10 22 21
3 3 7 18
3 3 12 18
3 3 2 21
3 3 15 14
3 3 0 12
3 3 18 22
3 3 1 13
3 10 22 14
3 14 0 22
3 3 22 18
3 21 1 20
3 3 22 19
3 6 19 0
3 14 8 13
3 3 20 20
3 3 8 20
3 23 5
3 21 10 12
3 3 10 15
3 6 18 10
3 4 5
3 6 18 21
3 3 19 12
3 1 13 10
3 6 18 14
3 3 0 15
3 3 9 21
3 1 20 18
3 10 22 10
3 21 13 1
3 18 6 19
3 21 6 19
3 21 18 6
3 14 15 14
3 21 22 10
3 3 9 14
3 14 2 21
3 1 18 1
3 3 7 19
3 3 17 5
3 3 19 22
3 3 19 2
3 3 18 15
3 14 7 18
3 21 9 14
3 14 18 6
3 13 1 18
3 19 5 20
3 3 21 6
3 3 1 1
3 9 21 21
3 21 17 5
3 4 16 21
3 1 1 18
3 10 12 19
3 6 19 18
3 14 13 1
3 3 1
3 18 10 13
3 3 3 12
3 14 11 23
3 13 1 19
3 10 6 19
3 3 18 9
3 18 10 22
3 18 6 18
3 4 21
4 23 11 23
4 23 16 23
4 3 15 23
4 10 22 23
4 23 0 12
4 23 8 20
4 1 13 23
4 6 18 23
4 9 21 23
4 23 5 17
4 21 1 17
4 18 6 23
4 14 8 17
4 3 17
4 19 7 23
4 21 9 23
4 13 10 17
4 23 2 14
4 22 10 23
4 20 0 17
4 3 13 17
4 20 0 12
4 12 0 23
4 13 1 23
4 19 7 19
4 23 7 19
4 3 1 17
4 19 2 10
4 19 7 10
4 21 9
4 19 7 5
4 20 8 23
4 19 22 23
4 19 7 3
4 19 7 6
4 19 12 19
4 19 17 0
4 20 5 7
4 19 7 8
4 19 8 20
4 20 0
4 19 16 9
4 15 10 5
4 13 18 17
4 19 22 3
4 17 5
4 19 12 0
4 19 22 10
4 22 18 23
4 19 2 0
4 15 10 14
4 15 10 20
4 19 7 0
4 19 7 12
4 20 18 17
4 20 18 20
4 20 8 19
4 20 2 19
4 17 0 20
4 20 0 9
4 18 9 20
4 19 16 20
4 20 16 10
4 20 2 14
4 19 7 20
4 19 16 1
4 12 0 19
4 12 0 10
4 19 7 14
4 15 23 5
4 19 22 20
4 20 0 6
4 18 12 12
4 19 17 12
4 22 1 23
4 20 7 19
4 19 2 12
4 20 5 20
4 20 19 20
4 20 13 23
4 12 8 19
4 22 1 14
4 19 7
4 17 5 19
4 15 10 3
4 18 22 23
4 12 18 23
4 20 19 7
4 19 2 14
4 20 7 10
4 15 10 19
4 19 7 1
4 17 5 23
4 19 7 7
4 18 22 20
4 15 18 19
4 19 2 19
4 18 9 14
4 22 1 0
4 14 2
5 21 9 21
5 21 6 18
5 5 13 1
5 21 10 22
5 14 2 14
5 5 18 6
5 14 8 20
5 21 1 13
5 14 0 12
5 5 20 8
5 5 10 12
5 5 0 12
5 5 22 10
5 5 0 22
5 21 3 15
5 5 18 12
5 5 22 18
5 14 7 19
5 5 1 20
5 5 19 7
5 5 20 13
5 5 10 22
5 5 6 18
5 5 8 13
5 5 7 18
5 5 12 0
5 0 12 14
5 5 2 21
5 5 13 20
5 5 1 13
5 21 10 12
5 14 8 13
5 5 22 19
5 5 18 22
5 21 13 1
5 5 6 19
5 14 0 22
5 14 2 21
5 5 13 13
5 0 22 10
5 5 12 19
5 7 18 10
5 5 10 15
5 5 7 19
5 21 6 19
5 5 17 21
5 16 3
5 21 1 20
5 0 12 21
5 8 13 18
5 7 19 14
5 11 3
5 5 9 14
5 18 6 18
5 14 5 17
5 19 7 19
5 8 13 10
5 5 19 12
5 5 17 14
5 5 12 18
5 0 22 18
5 14 20 8
5 5 15 3
5 21 18 6
5 7 18 18
5 21 20 8
5 5 20
5 8 13 19
5 22 10 18
5 7 19 21
5 0 6 19
5 5 19 22
5 18 6 19
5 2 14 14
5 19 7 18
5 5 13
5 5 0 15
5 14 17 14
5 0 22 19
5 0 7 18
5 14 13 1
5 0 7 19
5 14 22 19
5 16 1 18
5 21 9 14
5 5 20 20
5 21 4 16
5 11 21
5 21 13 13
5 14 0 15
5 11 1 18
5 14 22 10
5 14 7 18
5 14 15 3
5 14 18 6
5 7 18 19
5 8 20 21
5 21 10 15
5 0 6 18
5 5 9 21
6 6 18 12
6 6 18 22
6 22 10 22
6 12 0 12
6 6 10 12
6 6 10 22
6 6 18 6
6 10 22 22
6 12 0 22
6 6 0 22
6 1 13 22
6 22 10 12
6 6 13 1
6 10 22 12
6 6 13 20
6 1 13 12
6 6 13 13
6 6 19 7
6 22 1 13
6 10 22 6
6 6 0 12
6 12 8 20
6 9 21 22
6 9 21 12
6 1 20 7
6 20 8 22
6 6 8 13
6 10 12 7
6 18 6 22
6 1 8 12
6 6 1 20
6 13 1 22
6 20 8 12
6 22 6 18
6 6 20 8
6 1 13 6
6 10 6 22
6 12 8 13
6 3 12 7
6 22 18 22
6 1 8 22
6 6 1 13
6 3 12 12
6 10 12 12
6 3 12 22
6 6 8 20
6 1 1 22
6 12 7 19
6 1 1 12
6 6 20 13
6 15 3 22
6 3 22 6
6 10 12 22
6 15 1
6 3 15 22
6 19 7 22
6 18 6 12
6 6 12 0
6 6 6 18
6 19 7 12
6 6 22 10
6 13 1 12
6 6 19 12
6 15 10 22
6 22 1 20
6 22 18 6
6 15 10 15
6 3 22 22
6 17 7 19
6 17 2 21
6 17 0 12
6 9 21 6
6 15 10 17
6 10 6 12
6 17 0 22
6 23 7 22
6 15 13
6 3 15 12
6 17 5 22
6 23 7 20
6 9 10 15
6 17 12 5
6 17 5 12
6 23 7 12
6 4 7 2
6 23 7 2
6 4 2 17
6 15 6 18
6 17 12 0
6 17 7 18
6 9 1
6 15 9 21
6 15 6 19
6 23 2 12
6 15 10 12
6 15 22 19
6 4 2 6
6 15 20
6 17 7 5
6 22 13 1
7 7 18 6
7 12 0 12
7 22 10 22
7 7 19 22
7 7 19 12
7 7 10 12
7 7 0 22
7 7 19 7
7 7 13 1
7 8 20 22
7 0 12 12
7 7 10 22
7 8 20 7
7 22 10 12
7 7 18 12
7 12 0 22
7 8 20 12
7 0 12 22
7 22 1 13
7 8 1 12
7 0 22 6
7 7 0 12
7 7 1 13
7 7 13 20
7 7 1 20
7 7 18 22
7 8 1 22
7 7 20 8
7 0 12 7
7 13 1 22
7 8 8 22
7 2 14 22
7 8 13 6
7 0 6 22
7 7 13 13
7 22 6 18
7 7 22 10
7 12 8 20
7 20 8 22
7 7 7 18
7 20 8 12
7 7 8 20
7 7 20 13
7 18 6 22
7 8 8 12
7 19 7 22
7 7 12 18
7 7 22 19
7 7 22 18
7 7 6 18
7 7 7 19
7 2 21 6
7 7 12 0
7 0 6 12
7 7 20 20
7 2 10 12
7 13 1 12
7 19 7 12
7 15 10 22
7 5 22 6
7 12 8 13
7 17 8
7 17 7 19
7 2 1 13
7 2 22 10
7 2 7 18
7 16 9 21
7 2 10 15
7 8 13 12
7 7 8 13
7 16 1 13
7 2 0 22
7 2 10
7 0 7 22
7 2 10 22
7 16 9 1
7 17 2 21
7 2 8
7 16 6 18
7 17 2 14
7 17 0 22
7 16 9 13
7 2 2 21
7 5 17 12
7 17 8 20
7 15 10 15
7 22 1 20
7 7 12 19
7 11 6 18
7 2 0 15
7 17 0 12
7 22 18 6
7 16 9
7 15 10 12
7 8 13 22
7 2 1 20
7 2 14 12
7 16 9 10
7 15 19 2
7 16 9 0
8 0 12 13
8 8 20 13
8 13 1 13
8 8 20 8
8 20 8 20
8 8 20 20
8 7 19 13
8 8 13 1
8 8 1 20
8 8 18 6
8 8 8 20
8 0 6 13
8 0 12 20
8 7 19 20
8 0 22 1
8 8 18 22
8 20 0 12
8 8 8 13
8 18 6 13
8 0 13 6
8 8 18 12
8 8 10 22
8 8 1 13
8 0 20 7
8 13 10 22
8 8 13 13
8 18 6 20
8 0 12 8
8 2 14 13
8 8 13 20
8 0 6 20
8 0 22 13
8 0 8 22
8 7 13 18
8 13 1 20
8 0 1 22
8 7 18 1
8 0 20 22
8 22 10 20
8 22 1 18
8 19 7 13
8 7 20 0
8 8 10 12
8 8 0 22
8 22 10 13
8 7 19 8
8 7 13 10
8 20 8 13
8 12 0 13
8 0 22 20
8 0 1 12
8 0 13 12
8 8 19 12
8 5 20 7
8 7 13 19
8 0 20 12
8 8 19 7
8 5 20 12
8 19 8 15
8 13 6 18
8 7 0 13
8 7 20 18
8 8 0 12
8 13 9 21
8 12 0 20
8 20 7 19
8 0 13 22
8 8 19 22
8 8 6 18
8 0 7 13
8 7 18 13
8 19 8 12
8 19 8 22
8 2 14 20
8 0 8 12
8 20 20 20
8 19 7 20
8 8 6 19
8 7 10 13
8 16 10 22
8 20 0 22
8 22 1 19
8 14 8 22
8 12 8 19
8 7 1 18
8 7 0 20
8 0 7 20
8 16 10 2
8 20 2 14
8 21 1 22
8 7 18 20
8 0 1 15
8 13 10 12
8 16 10 9
8 5 13 6
8 7 10 20
8 16 18 6
8 11 10 22
8 7 1 19
8 18 1 22
9 1 13 15
9 6 18 17
9 10 22 17
9 1 13 17
9 9 5 15
9 6 18 15
9 15 3 15
9 10 22 15
9 9 3 17
9 9 21 15
9 3 15 15
9 17 5 17
9 3 15 17
9 20 8 15
9 13 1 15
9 22 10 17
9 6 18 9
9 13 1 17
9 10 12 2
9 20 8 17
9 1 13 9
9 1 20 2
9 12 0 17
9 18 6 17
9 15 21 15
9 1 8 17
9 9 21 17
9 15 3 17
9 18 6 15
9 1 8 15
9 17 5 15
9 22 10 15
9 1 1 17
9 10 6 17
9 15 4
9 6 10 15
9 6 19 2
9 19 7 17
9 10 6 15
9 17 21 17
9 10 12 17
9 19 7 15
9 4 7 17
9 4 16 17
9 6 0 17
9 10 22 9
9 6 10 17
9 21 6 17
9 1 1 15
9 4 2 16
9 4 16 15
9 4 7 4
9 23 7 12
9 15 4 16
9 23 2
9 4 2
9 10 7 17
9 15 23
9 23 7 13
9 4 22 17
9 3 12 2
9 17 16
9 3 22 9
9 4 2 22
9 4 2 11
9 6 19 17
9 6 0 15
9 4 22 1
9 4 2 7
9 4 22 10
9 4 17 2
9 4 22 22
9 4 22 6
9 23 7 18
9 4 22 12
9 23 7 22
9 23 2 20
9 3 22 17
9 4 2 1
9 4 22 18
9 9 16
9 9 21 9
9 23 7 23
9 23 2 11
9 4 2 20
9 4 7 23
9 23 7 20
9 4 2 12
9 23 2 1
9 4 2 18
9 4 7 13
9 23 17 22
9 4 7 22
9 12 0 15
9 4 12 13
9 23 7
9 23 11 17
9 3 12 17
9 4 2 2
9 4 7
10 10 22 18
10 10 22 19
10 18 6 18
10 10 12 0
10 10 22 10
10 19 7 19
10 10 6 19
10 1 13 19
10 10 6 18
10 1 13 18
10 10 12 19
10 10 20 8
10 10 13 1
10 1 13 10
10 6 18 18
10 19 7 18
10 18 10 22
10 19 8 20
10 18 6 19
10 6 18 19
10 18 1 13
10 19 0 12
10 10 7 18
10 10 12 18
10 1 20 0
10 6 18 10
10 1 1 18
10 13 1 18
10 10 13 20
10 10 18 6
10 3 12 0
10 10 10 12
10 1 8 18
10 13 1 19
10 10 10 22
10 20 8 19
10 10 20 13
10 10 20 20
10 19 8 13
10 1 20 18
10 10 18 12
10 1 1 19
10 22 10 19
10 10 1 20
10 10 8 20
10 9 21 18
10 18 10 12
10 10 1 13
10 6 19 0
10 22 10 18
10 3 22 10
10 10 0 12
10 3 15 18
10 10 19 7
10 10 13 13
10 4 0 12
10 14 7 18
10 18 1 20
10 10 7 19
10 20 8 18
10 4 0 22
10 21 6 18
10 3 12 19
10 10 8 13
10 6 10 18
10 3 6 18
10 21 22 3
10 3 22 3
10 6 10 19
10 10 0 22
10 23 19 19
10 23 0 1
10 3 12 18
10 4 18 6
10 12 0 18
10 10 15 3
10 18 22 18
10 18 9 21
10 4 8 20
10 10 15 21
10 6 0 18
10 10 18 22
10 23 0 12
10 3 7 18
10 4 19 19
10 4 19 7
10 12 0 19
10 23 0 22
10 3 22 18
10 23 0 16
10 23 0
10 20 0 20
10 23 18 6
10 1 20 19
10 4 0 5
10 4 8 0
10 1 8 19
10 23 0 18
10 4 8 5
10 14 22 18
11 16 4 16
11 16 3 15
11 16 23 16
11 16 10 22
11 5 15
11 0 12 16
11 5 17 16
11 2 14 16
11 16 1 13
11 7 19 16
11 8 20 16
11 5 13 15
11 5 1 15
11 21 1 15
11 16 9 21
11 5 20 15
11 22 10 16
11 16 6 18
11 11 1 13
11 12 0 16
11 5 8 15
11 18 6 16
11 11 3 13
11 13 1 16
11 14 8 15
11 11 3 6
11 11 13 1
11 17 0 1
11 11 10 22
11 19 7 13
11 11 23 16
11 5 9
11 11 13 13
11 15 10 16
11 19 7 6
11 11 1 1
11 11 3
11 11 6 18
11 11 23 11
11 17 0 13
11 7 10 16
11 11 3 22
11 11 9 21
11 19 22 6
11 15 10 7
11 15 1 18
11 11 4 16
11 20 0 15
11 11 3 7
11 19 7 16
11 11 12 0
11 11 3 15
11 11 22 13
11 17 0 22
11 11 1 9
11 15 10 22
11 11 3 1
11 11 10 9
11 15 10 13
11 11 13 18
11 17 0 6
11 13 10 22
11 15 10
11 22 19 16
11 20 16 1
11 17 18 6
11 11 20 8
11 12 16 13
11 12 19 16
11 5 6 13
11 20 7 18
11 17 0 8
11 15 1 0
11 19 7 15
11 17 18 22
11 20 0 22
11 15 18
11 15 6 18
11 19 7 9
11 19 7 8
11 12 8 18
11 11 13 9
11 20 8 16
11 12 16 1
11 11 1 15
11 11 21 13
11 22 3 6
11 20 16 10
11 12 19 13
11 19 7 22
11 17 0
11 17 18
11 11 19 7
11 11 10 2
11 12 19 8
11 11 20 13
11 12 7 18
11 15 19 13
11 15 10 8
11 12 18 13
12 6 0 12
12 6 18 12
12 7 0 12
12 7 18 12
12 6 13 20
12 6 10 12
12 22 10 12
12 6 8 20
12 6 7 19
12 12 0 12
12 6 19 12
12 7 19 12
12 7 10 12
12 7 13 20
12 7 8 20
12 6 18 6
12 10 12 12
12 0 22 12
12 1 8 12
12 10 22 12
12 8 20 12
12 20 8 12
12 8 1 12
12 22 1 20
12 8 8 12
12 6 1 20
12 8 13 12
12 7 7 19
12 1 13 12
12 13 1 12
12 12 8 20
12 9 21 12
12 0 12 12
12 0 6 12
12 1 1 12
12 7 20 20
12 1 20 12
12 6 20 20
12 19 7 12
12 6 6 19
12 18 6 12
12 6 5 17
12 6 22 19
12 6 2 14
12 6 12 19
12 2 21 12
12 10 6 12
12 12 7 19
12 7 1 20
12 0 7 12
12 3 6 12
12 9 14 12
12 10 7 12
12 15 10 12
12 7 12 19
12 2 2 14
12 22 6 19
12 7 5 17
12 2 10 12
12 9 10 12
12 2 22 10
12 17 7 19
12 21 6 12
12 9 9 14
12 1 7 20
12 2 7 19
12 17 2 14
12 2 0 12
12 14 7 12
12 9 2 14
12 9 6 19
12 15 10 17
12 2 13 20
12 5 7 12
12 9 21 6
12 16 1 12
12 7 6 19
12 17 8 20
12 2 12 0
12 2 22 19
12 7 22 19
12 16 6 19
12 6 15 19
12 9 7 19
12 2 22 1
12 5 6 12
12 2 13 1
12 2 8 20
12 2 14 12
12 2 6 19
12 11 1 12
12 4 7 19
12 3 12 12
12 2 3 12
12 17 22 19
12 3 22 12
12 2 8 23
12 9 17 14
12 9 3 12
12 9 13 20
13 1 1 13
13 1 10 22
13 8 1 13
13 8 20 13
13 8 10 22
13 1 6 18
13 0 12 13
13 1 9 21
13 1 13 13
13 13 1 13
13 8 13 13
13 8 18 22
13 0 8 22
13 0 6 13
13 8 6 18
13 0 22 13
13 8 9 21
13 0 1 22
13 20 0 22
13 1 20 13
13 1 18 22
13 0 13 22
13 0 20 22
13 0 13 15
13 18 6 13
13 1 0 22
13 13 10 22
13 10 13 15
13 10 22 13
13 7 13 18
13 10 12 13
13 7 19 13
13 6 1 18
13 18 1 22
13 0 8 15
13 0 7 13
13 20 8 13
13 10 13 22
13 10 22 1
13 1 8 13
13 6 13 18
13 19 8 22
13 8 8 13
13 22 1 18
13 6 18 13
13 7 1 18
13 7 18 13
13 8 0 22
13 7 8 18
13 8 19 22
13 13 6 18
13 1 13 1
13 7 0 13
13 12 8 18
13 1 19 22
13 10 1 22
13 7 20 18
13 10 8 15
13 19 8 15
13 1 22 18
13 6 20 18
13 10 8 22
13 10 6 13
13 8 22 18
13 10 20 22
13 1 7 18
13 10 1 15
13 0 1 15
13 1 3 15
13 8 12 18
13 8 20 8
13 21 1 22
13 2 14 13
13 18 1 15
13 19 7 13
13 14 8 22
13 5 8 22
13 3 8 22
13 8 17 21
13 13 9 21
13 6 8 18
13 5 1 22
13 22 10 13
13 3 1 22
13 7 10 13
13 2 21 13
13 20 7 18
13 1 12 18
13 6 10 13
13 6 19 13
13 12 0 13
13 6 18 1
13 0 12 8
13 2 21
13 9 21 13
13 0 20 15
13 1 17 21
13 9 21
13 5 20 22
13 3 13 22
14 3 2 14
14 3 0 12
14 5 7 19
14 3 8 20
14 3 2 3
14 5 13 20
14 5 0 12
14 3 13 20
14 3 5 17
14 5 2 14
14 3 7 19
14 5 8 20
14 5 20 20
14 3 20 20
14 3 18 12
14 3 22 19
14 14 8 20
14 3 12 19
14 21 10 12
14 5 22 19
14 5 5 17
14 21 1 20
14 5 18 12
14 3 15 3
14 14 0 12
14 5 2 5
14 3 10 12
14 5 15 14
14 3 17 14
14 3 19 12
14 3 1 20
14 5 10 12
14 3 6 19
14 10 12 19
14 5 6 19
14 5 1 20
14 21 6 19
14 5 12 19
14 14 7 19
14 5 19 12
14 3 11 23
14 0 22 19
14 10 12 0
14 0 6 19
14 3
14 18 6 19
14 3 16 4
14 5 20
14 1 8 19
14 6 19 19
14 4 14
14 3 16 23
14 10 22 19
14 5 17 5
14 19 7 19
14 3 9 14
14 13 1 19
14 1 1 19
14 3 21 17
14 1 13 19
14 22 10 19
14 0 7 19
14 7 18 19
14 8 13 19
14 3 3 12
14 10 6 19
14 4 5
14 6 0 19
14 0 12 19
14 16 14
14 12 0 19
14 6 18 19
14 23 5 20
14 3 11 4
14 0 0 9
14 0 10 12
14 0 11 20
14 7 10 19
14 16 3
14 20 0 20
14 1 20 19
14 3 2 5
14 6 10 19
14 5 11 23
14 11 3
14 0 12 0
14 10 7 19
14 0 0 12
14 7 3 23
14 11 14
14 0 10 7
14 0 15 19
14 7 0 19
14 0 18 12
14 0 4 7
14 0 4 20
14 5 16 4
14 0 4 17
14 0 4 2
14 0 2
15 9 21 9
15 9 3 15
15 2 3 15
15 6 18 9
15 2 14 2
15 17 16
15 9 10 22
15 8 1 15
15 3 15 9
15 2 3 2
15 9 3 9
15 7 19 2
15 1 17 16
15 13 1 15
15 7 18 15
15 2 21 15
15 9 9 21
15 17 11
15 17 5 15
15 2 10 22
15 0 12 2
15 8 17 11
15 9 23 11
15 1 17 11
15 9 14 15
15 9 4 16
15 9 21 15
15 8 17 16
15 22 6 18
15 20 8 15
15 5 17 2
15 8 15
15 12 0 22
15 8 20 15
15 0 6 15
15 1 1 15
15 22 10 15
15 1 15
15 8 13 15
15 7 0 22
15 7 22 18
15 7 10 15
15 18 6 15
15 1 13 15
15 11 23 2
15 22 10 22
15 21 9 2
15 16 4 2
15 10 15 15
15 16 6 18
15 0 22 15
15 7 20 11
15 8 20 2
15 16 23 2
15 1 20 15
15 9 1 13
15 7 10 22
15 11 6 18
15 3 6 15
15 21 9 9
15 6 0 22
15 7 20 16
15 8 8 15
15 2 4 16
15 6 7 18
15 7 0 15
15 11 4 2
15 6 19 15
15 7 13 13
15 16 9 16
15 16 10 22
15 7 20 13
15 1 8 15
15 7 7 18
15 16 6 10
15 14 2 2
15 7 6 18
15 16 9 11
15 3 22 15
15 9
15 21 6 15
15 6 8 13
15 11 9 11
15 7 1 16
15 2 6 18
15 0 15 15
15 11 12 18
15 23 11 9
15 2 14 15
15 11 12 8
15 11 9 13
15 16 12 11
15 11 9 16
15 2 9 21
15 10 22 9
15 11 12 11
15 6 10 15
15 16 12 18
15 4 17 2
15 7 18 22
16 11 23 11
16 11 3 15
16 11 4 11
16 11 10 22
16 5 17 11
16 7 19 11
16 0 12 11
16 11 1 13
16 2 14 11
16 5 15
16 8 20 11
16 5 13 15
16 5 1 15
16 21 1 15
16 11 6 18
16 5 20 15
16 22 10 22
16 13 1 11
16 11 9 21
16 14 8 15
16 5 8 15
16 20 8 11
16 19 7 11
16 18 6 11
16 22 3 15
16 12 0 13
16 22 1 13
16 22 23 11
16 22 1 18
16 17 0
16 5 6 13
16 12 0 9
16 12 0 22
16 17 0 6
16 22 4 11
16 17 0 13
16 12 0 11
16 22 3 7
16 17 0 9
16 17 0 22
16 22 10 11
16 12 0 6
16 22 10 21
16 17 0 0
16 22 10 13
16 12 8 21
16 12 8 18
16 17 0 1
16 22 10 7
16 17 8 0
16 22 21 6
16 17 0 2
16 17 0 21
16 22 18 13
16 12 18 6
16 12 8 13
16 12 8 1
16 22 18 22
16 22 19 11
16 17 0 7
16 22 3 22
16 22 10 1
16 22 21 22
16 12 8 5
16 17 0 8
16 22 21 1
16 17 19 7
16 12 0 15
16 13 6 18
16 17 18 6
16 22 10 6
16 22 1 21
16 5 9
16 20 7 13
16 12 8 0
16 22 1 10
16 13 6 13
16 22 19 22
16 11 19 22
16 17 5 8
16 17 8 5
16 22 1 0
16 22 21 9
16 20 7 3
16 22 13 13
16 12 18 22
16 15 10 22
16 15 10 11
16 22 23 18
16 12 0 7
16 20 7 0
16 22 23 0
16 21 9
16 22 10 8
16 12 19 7
16 20 7 18
16 22 4 18
16 12 18 13
16 22 4 22
16 22 9 21
17 9 21 9
17 2 14 2
17 9 5 17
17 6 18 9
17 9 21 17
17 1 17
17 15 4
17 7 19 2
17 2 21 17
17 8 17
17 13 1 17
17 15 23
17 1 15 4
17 6 13 4
17 2 0 12
17 7 18 17
17 2 5 17
17 18 6 17
17 1 15 23
17 9 14 17
17 1 1 17
17 10 22 9
17 1 13 9
17 8 20 2
17 8 1 17
17 3 15 9
17 22 10 17
17 7 10 17
17 8 13 17
17 8 15 4
17 9 0 12
17 6 13 23
17 15 3 17
17 3 22 17
17 0 6 17
17 7 0 17
17 8 15 23
17 0 12 17
17 20 8 17
17 0 12 2
17 1 20 17
17 12 0 17
17 5 17 2
17 7 13 4
17 9 16 4
17 21 6 17
17 2 7 19
17 3 6 17
17 13 17
17 12 8 23
17 9 2 14
17 9 5 9
17 10 6 17
17 9 11 23
17 7 19 17
17 0 22 17
17 1 8 17
17 7 13 23
17 22 1 4
17 8 8 17
17 9 7 19
17 12 7 19
17 3 12 17
17 16 6 19
17 9 16 23
17 16 15 3
17 7 1 20
17 4 16 9
17 2 5 2
17 6 19 17
17 16 9 3
17 16 9 19
17 16 9 8
17 13 9 4
17 8 20 17
17 16 9 20
17 2 2 14
17 10 22 17
17 16 6 1
17 10 15 17
17 22 6 19
17 16 9 4
17 13 15 4
17 10 12 17
17 16 1 20
17 2 14 17
17 9 8 20
17 12 8 20
17 12 8 4
17 11 6
17 9 3 17
17 11 6 19
17 16 9
17 1 13 17
17 11 9
17 16 9 10
17 16 9 0
17 16 1 17
17 16 12 12
17 16 12 0
18 10 6 18
18 0 6 18
18 10 22 18
18 0 22 18
18 0 12 18
18 10 12 18
18 10 10 22
18 0 1 13
18 0 10 22
18 18 6 18
18 10 13 13
18 10 20 13
18 19 7 18
18 0 20 13
18 1 13 18
18 0 12 0
18 0 7 18
18 10 9 21
18 10 1 13
18 1 20 18
18 6 18 18
18 13 1 18
18 10 18 22
18 8 1 18
18 18 10 22
18 1 1 18
18 8 20 18
18 10 7 18
18 10 22 10
18 8 13 18
18 0 13 13
18 0 18 22
18 0 0 22
18 0 9 21
18 18 1 13
18 1 8 18
18 10 8 13
18 20 8 18
18 10 0 22
18 0 8 13
18 19 0 22
18 6 19 18
18 3 12 18
18 10 19 22
18 19 8 13
18 6 18 10
18 10 3 15
18 7 18 18
18 7 19 18
18 10 15 21
18 7 19 0
18 0 3 15
18 5 22 18
18 10 19 15
18 1 18 13
18 6 10 18
18 5 22 21
18 0 19 22
18 22 10 18
18 14 7 18
18 3 22 18
18 9 21 10
18 5 10 22
18 0 17 21
18 5 12 18
18 23 0 18
18 21 6 18
18 6 0 18
18 21 6 21
18 4 0 22
18 4 0 18
18 21 10 22
18 10 17 21
18 19 0 15
18 12 0 18
18 5 10 13
18 18 9 21
18 5 17 0
18 10 12 0
18 8 8 18
18 10 2 21
18 18 10 15
18 4 8 13
18 3 22 21
18 20 0 13
18 1 0 13
18 1 19 13
18 0 0 15
18 5 19 13
18 3 6 18
18 8 20 0
18 8 10 13
18 5 7 21
18 7 10 18
18 7 18 21
18 23 0 22
18 4 0 13
18 5 5 7
18 2 21 21
18 3 6 21
19 10 12 19
19 10 22 19
19 0 12 19
19 10 7 19
19 0 22 19
19 0 12 0
19 0 7 19
19 0 8 20
19 10 6 19
19 10 0 12
19 10 13 20
19 0 0 12
19 18 6 19
19 0 6 19
19 10 20 20
19 0 13 20
19 10 18 12
19 10 22 10
19 10 8 20
19 19 7 19
19 19 8 20
19 1 13 19
19 0 20 20
19 19 0 12
19 8 13 19
19 6 18 19
19 10 1 20
19 13 1 19
19 7 18 19
19 8 20 19
19 8 1 19
19 10 2 14
19 10 10 12
19 18 1 20
19 0 18 12
19 0 10 12
19 1 1 19
19 20 8 19
19 10 19 12
19 18 10 12
19 0 19 12
19 7 19 19
19 0 1 20
19 0 22 10
19 22 10 19
19 0 2 14
19 6 19 19
19 10 12 0
19 1 8 19
19 21 6 19
19 5 7 19
19 3 12 19
19 3 12 14
19 5 7 14
19 12 0 19
19 1 20 19
19 0 5 17
19 10 5 17
19 14 7 19
19 3 6 19
19 3 22 19
19 20 0 20
19 6 0 19
19 4 0 12
19 5 6 19
19 5 22 19
19 23 0 19
19 7 19 0
19 4 0 20
19 23 0 4
19 4 0 8
19 5 12 19
19 8 8 19
19 7 0 19
19 10 9 14
19 4 0 7
19 9 21 14
19 5 7 3
19 3 7 19
19 6 18 10
19 0 15 14
19 6 10 19
19 7 10 19
19 4 18 6
19 10 17 14
19 4 0 4
19 14 22 19
19 23 0 23
19 11 10 19
19 21 1 17
19 23 0 20
19 14 22 10
19 4 0 5
19 5 22 3
19 1 0 20
19 16 10 1
19 10 3 12
19 5 7 5
19 4 8 20
19 4 19 7
20 1 13 20
20 1 8 20
20 8 8 20
20 1 18 12
20 1 0 12
20 8 13 20
20 1 7 19
20 8 0 12
20 8 20 20
20 10 6 20
20 8 18 12
20 8 7 19
20 1 20 20
20 10 22 20
20 1 2 14
20 20 8 20
20 13 1 20
20 10 12 20
20 10 20 12
20 10 13 12
20 8 2 14
20 1 1 20
20 6 18 20
20 1 10 12
20 10 8 12
20 0 22 20
20 8 20 8
20 8 1 20
20 13 10 12
20 6 13 19
20 1 19 12
20 18 6 20
20 1 22 19
20 0 6 20
20 10 1 12
20 6 1 19
20 0 13 12
20 19 8 12
20 6 8 19
20 22 1 19
20 1 13 1
20 8 19 12
20 20 0 12
20 0 1 12
20 0 8 12
20 6 10 20
20 7 13 19
20 8 12 19
20 7 0 20
20 7 18 20
20 8 10 12
20 6 19 20
20 10 7 20
20 1 6 19
20 8 22 19
20 7 8 19
20 18 1 12
20 0 20 17
20 6 18 1
20 12 0 20
20 6 0 20
20 7 1 19
20 12 8 19
20 9 14 20
20 9 14
20 0 12 20
20 6 20 19
20 13 6 19
20 19 7 20
20 2 14 20
20 1 12 19
20 1 9 14
20 3 8 12
20 0 7 20
20 0 20 12
20 14 8 12
20 10 22 1
20 3 20 12
20 3 13 12
20 8 6 19
20 7 10 20
20 0 8 17
20 1 5 17
20 19 8 17
20 1 17 14
20 5 20 12
20 22 10 20
20 8 5 17
20 5 13 12
20 13 9 14
20 20 7 19
20 4 7 20
20 8 9 14
20 7 19 20
20 3 1 12
20 9 21 20
20 7 20 19
20 21 1 12
20 8 13 1
20 0 12 8
21 3 10 22
21 3 1 13
21 5 6 18
21 5 10 22
21 5 1 13
21 3 6 18
21 3 9 3
21 3 9 21
21 3 3 15
21 5 9 21
21 3 20 13
21 5 3 15
21 5 20 13
21 5 18 22
21 3 12 18
21 5 13 13
21 3 15 3
21 3 22 18
21 3 18 22
21 3 17 21
21 21 1 13
21 14 0 22
21 3 13 13
21 21 10 22
21 5 22 18
21 21 6 18
21 5 0 22
21 21 10 15
21 5 15 21
21 5 19 22
21 5 12 18
21 14 8 13
21 14 0 15
21 14 7 18
21 3 0 22
21 5 17 5
21 10 12 18
21 1 20 18
21 10 22 3
21 5 7 18
21 0 22 18
21 1 1 18
21 3 8 13
21 3 19 15
21 5 8 13
21 3 19 22
21 3
21 18 6 18
21 3 10 15
21 5 10 15
21 3 7 18
21 1 13 18
21 6 19 18
21 16 21
21 4 21
21 3 21 15
21 10 22 18
21 0 12 5
21 21 13
21 3 21 9
21 6 18 18
21 21 9 21
21 5 0 15
21 11 21
21 19 7 18
21 13 1 18
21 23 21
21 1 8 18
21 7 18 18
21 0 6 18
21 3 4 16
21 3 0 15
21 5 15 3
21 22 10 18
21 5 18 15
21 5 4 16
21 18 10 22
21 21 3 22
21 8 13 18
21 3 18 15
21 21 18 15
21 5 5 22
21 9 21 3
21 5 9 5
21 0 7 18
21 5 19 15
21 10 6 18
21 0 5 22
21 0 10 22
21 5 13
21 14 2 21
21 0 0 22
21 10 10 22
21 10 12 0
21 0 14 22
21 10 5 7
21 1 0 13
21 23 11 3
21 5 2 21
21 6 10 18
22 6 10 22
22 7 10 22
22 6 18 22
22 6 1 13
22 7 18 22
22 7 1 13
22 22 10 22
22 12 0 22
22 7 0 22
22 6 19 22
22 6 0 22
22 7 19 22
22 6 13 13
22 8 20 22
22 7 13 13
22 10 22 22
22 1 8 22
22 7 6 18
22 6 6 18
22 0 22 22
22 13 1 22
22 7 20 13
22 1 13 22
22 6 20 13
22 6 18 6
22 20 8 22
22 8 13 22
22 8 8 22
22 8 1 22
22 0 12 22
22 10 12 22
22 9 21 6
22 1 20 22
22 18 6 22
22 1 1 22
22 12 8 13
22 22 1 13
22 0 6 22
22 2 14 22
22 6 8 13
22 10 6 22
22 7 22 18
22 7 19 7
22 7 8 13
22 22 6 18
22 3 12 22
22 0 12 7
22 2 0 22
22 8 20 7
22 15 10 15
22 6 3 15
22 7 7 18
22 12 7 18
22 19 7 22
22 2 21 22
22 17 2 21
22 10 22 6
22 6 9 21
22 3 22 22
22 2 10 15
22 6 22 18
22 17 0 15
22 9 14 22
22 3 6 22
22 9 3 22
22 15 3 22
22 16 9 21
22 2 7 18
22 15 1 13
22 16 6 18
22 9 10 15
22 11 6 18
22 1 12 13
22 9 6 18
22 9 21 22
22 2 14 7
22 16 12 5
22 15 6 18
22 9 13
22 21 6 22
22 2 0 15
22 15 1
22 16 9 10
22 16 9
22 16 1 13
22 17 7 18
22 16 15 6
22 14 7 22
22 0 7 22
22 7 3 15
22 9 5 22
22 17 5 22
22 2 2 21
22 15 9 21
22 16 10 22
22 1 6 13
22 17 0 22
22 5 6 22
22 7 9 21
22 2 1 13
23 4 16 4
23 4 11 4
23 3 15 4
23 4 0 12
23 10 22 4
23 4 8 20
23 1 13 4
23 6 18 4
23 9 21 4
23 3 17
23 18 6 4
23 21 1 17
23 4 7 19
23 12 0 4
23 13 10 17
23 3 13 17
23 4 5 17
23 14 8 17
23 22 10 4
23 20 0 17
23 3 1 17
23 19 7 20
23 13 1 4
23 12 0 23
23 19 7 19
23 19 22 10
23 21 9 4
23 13 18 17
23 1 18 17
23 19 22 4
23 18 22 4
23 15 10 20
23 19 2
23 4 2 14
23 19 2 10
23 20 2 19
23 19 2 8
23 19 22 12
23 19 22 20
23 22 10 20
23 22 10 5
23 15 10 10
23 19 7 8
23 19 7 10
23 19 7
23 22 18 4
23 12 5
23 19 22 19
23 19 7 7
23 19 7 14
23 22 18 1
23 17 0 3
23 21 9
23 19 7 1
23 17 0 20
23 22 10 23
23 19 12 20
23 12 0 10
23 23 11 4
23 19 12 0
23 3 8 17
23 20 18 17
23 19 2 12
23 13 4 19
23 19 22 1
23 19 2 20
23 22 10
23 12 18 4
23 22 1 19
23 19 12 5
23 17 16 3
23 13 4 8
23 12 0
23 22 3 19
23 15 10 19
23 15 10 1
23 15 10 3
23 17 0
23 15 10 8
23 13 6 19
23 19 7 6
23 22 19 20
23 15 10 5
23 19 12 8
23 12 18 1
23 19 7 5
23 13 6 0
23 13 4 12
23 12 0 20
23 20 7 19
23 19 22 3
23 10 6 4
23 22 1 14
23 12 19 0
23 12 0 8
23 19 2 19
23 19 16 17
23 15 10 0
23 19 17 12
23 12 0 19
